440.144623,234.062103,520.411865,394.596558
444.020447,303.635834,641.170227,600.000000
280.984619,289.173859,487.752014,600.000000
313.275024,199.491974,392.519775,357.981476
104.742844,269.073486,212.973221,485.534241
46.317215,222.716690,212.794662,555.671570
0.000000,156.385162,183.948944,570.220337
572.739197,250.468933,639.998108,384.986725
568.487732,336.215576,616.952698,433.145569
276.291687,239.230591,315.460693,317.568634
293.035156,284.559662,702.115112,600.000000
344.342102,266.919525,724.614685,600.000000
352.278870,251.307022,427.800171,402.349579
121.007263,160.973297,162.118713,243.196198
49.300209,193.863953,99.204521,293.672577
281.895020,111.775909,591.884827,600.000000
0.000000,180.076675,210.466476,600.000000
220.895645,104.985092,479.921936,600.000000
0.000000,0.000000,0.000000,0.000000
543.830872,228.526962,669.387634,479.640442
186.617447,153.826736,298.735382,378.062622
391.835754,290.553955,499.673584,506.229553
333.822144,239.004120,434.103516,439.566925
435.211670,204.555923,569.402832,472.938171
310.794067,100.999100,583.417847,600.000000
27.571808,302.741455,646.525635,600.000000
357.370392,229.238068,754.038696,600.000000
408.886780,178.649582,800.000000,600.000000
108.399292,253.431061,228.909271,494.451019
289.583557,322.621643,331.260315,405.975098
183.774078,321.298737,262.159546,478.069672
399.922974,274.440765,518.279175,511.153229
247.356705,269.436462,500.085144,600.000000
519.161987,267.438080,603.662231,436.438660
177.988251,205.592041,225.874664,301.364868
240.262848,214.257767,312.307098,358.346283
286.288116,101.544411,399.567413,328.102997
325.479126,294.084778,625.627075,600.000000
222.909180,193.804871,370.468018,488.922577
0.000000,331.223969,129.583801,600.000000
208.048477,322.698303,680.060303,600.000000
0.000000,182.345673,192.854645,600.000000
303.048004,247.198883,459.832733,560.768372
0.000000,183.951431,55.064636,554.935181
169.783600,158.465317,542.646118,600.000000
372.116730,75.611313,666.149536,600.000000
378.036591,81.560394,658.842773,600.000000
581.145081,93.705101,800.000000,600.000000
178.609680,292.446564,592.106750,600.000000
415.212982,155.634628,729.659790,600.000000
0.000000,298.549164,448.173767,600.000000
443.890320,337.925507,572.113525,594.371887
111.056274,358.922729,306.554382,600.000000
458.236176,224.806046,487.249054,282.831818
183.660858,292.433624,316.015747,557.143372
374.252258,217.835007,544.045288,557.421082
17.070892,314.037262,388.407990,600.000000
401.000000,317.582764,434.293945,384.170685
418.315613,198.820786,615.553528,593.296692
440.406372,196.623856,636.112183,588.035522
56.965637,245.703079,317.898865,600.000000
113.794617,298.699890,221.240723,513.592102
327.013580,311.256256,586.244141,600.000000
0.000000,224.219833,101.504623,600.000000
0.000000,207.930801,18.309982,600.000000
11.996185,217.737961,347.595367,600.000000
195.239059,164.276184,662.382263,600.000000
231.874023,113.090691,432.716187,514.775024
326.514648,202.188660,603.347534,600.000000
295.153687,248.490799,706.990479,600.000000
295.655853,167.290344,491.474396,558.927429
0.000000,317.265411,278.311249,600.000000
267.271454,323.166382,622.166138,600.000000
503.046875,330.111237,800.000000,600.000000
266.479919,219.417282,344.874939,376.207275
573.158752,196.729065,623.775696,297.962952
496.777588,292.978699,800.000000,600.000000
259.965759,215.297882,465.797485,600.000000
93.935402,307.935059,128.904236,377.872711
418.087433,200.938705,497.068085,358.900055
188.862930,287.914612,476.467529,600.000000
103.106430,146.835281,497.449097,600.000000
302.533569,337.646362,596.733276,600.000000
228.942734,202.299194,416.889343,578.192444
431.716553,285.224304,789.723389,600.000000
192.495972,277.282623,307.717804,507.726257
665.916321,336.238037,800.000000,600.000000
240.158920,140.162170,350.752136,361.348633
483.969727,163.785690,698.494873,592.835999
191.503220,151.982300,330.288879,429.553650
440.123962,209.319519,611.815247,552.702087
382.313477,268.337250,583.858826,600.000000
206.826843,120.138214,452.686340,600.000000
504.538940,294.796661,800.000000,600.000000
472.112213,302.847107,566.001343,490.625305
311.654755,283.530212,379.500824,419.222351
391.913757,290.375275,594.121826,600.000000
150.152679,119.734039,314.612732,448.654175
605.599365,180.848419,660.582031,290.813751
514.550903,378.915009,573.993042,497.799225
155.609528,269.390625,275.219330,508.610199
415.093872,178.610321,456.067505,260.557587
682.555420,263.756439,744.846191,388.338074
190.925140,168.127716,554.148071,600.000000
204.426544,217.538498,568.848145,600.000000
183.674683,87.914337,501.105103,600.000000
339.010620,176.569717,671.927734,600.000000
0.000000,154.531219,368.633759,600.000000
547.923218,254.518402,647.576538,453.825043
374.549652,291.258392,526.102417,594.363953
668.885498,147.701447,800.000000,441.328339
316.172119,319.780090,440.817139,569.070068
126.313736,181.242355,298.205017,525.024963
428.201141,328.643158,605.771484,600.000000
249.063843,307.346924,525.257813,600.000000
321.820465,194.423065,524.745361,600.000000
389.102600,217.993347,498.529846,436.847870
157.474091,313.088104,616.033936,600.000000
0.000000,0.000000,0.000000,0.000000
0.000000,203.299545,224.733215,600.000000
0.000000,251.900345,1.454010,600.000000
212.154846,220.699951,277.708679,351.807617
348.563599,309.272217,414.867371,441.879761
645.715576,287.152496,800.000000,600.000000
464.698853,350.373962,511.186951,443.350220
214.001389,146.369400,570.283142,600.000000
315.848358,241.320129,419.809357,449.242157
257.028748,352.953796,390.332458,600.000000
632.254639,315.386658,800.000000,600.000000
264.797058,337.493683,426.893860,600.000000
580.804871,200.944702,783.823547,600.000000
189.790192,344.883484,310.184570,585.672241
433.849915,279.013428,615.992615,600.000000
469.495728,126.370224,727.428711,600.000000
309.311005,208.480164,595.158813,600.000000
157.036133,287.362396,291.234863,555.759827
244.232330,161.497330,430.666229,534.365112
217.906403,353.441833,318.314240,554.257507
103.348846,160.816086,315.684448,585.487305
348.973572,227.660782,438.688965,407.091553
463.364227,167.156158,599.551758,439.531281
667.492004,127.327644,797.186951,386.717438
116.868279,317.035858,246.221680,575.742676
482.967163,320.644043,577.722046,510.153809
594.091248,202.907578,631.860657,278.446503
0.000000,0.000000,0.000000,0.000000
351.037109,198.592056,496.525208,489.568207
123.212067,158.416946,249.275818,410.544434
234.216980,214.853439,309.514221,365.447937
560.199890,140.374710,792.621155,600.000000
515.842651,146.917404,756.910767,600.000000
102.913406,42.152542,440.500366,600.000000
0.000000,0.000000,567.039063,600.000000
191.015076,271.892914,669.720642,600.000000
180.433533,221.235825,678.381592,600.000000
243.600555,171.763290,622.322144,600.000000
390.865936,299.855347,709.577148,600.000000
561.450256,232.659393,717.041199,543.841248
95.576744,137.110504,296.717773,539.392578
152.281860,147.355652,267.551331,377.894562
443.672913,88.899635,751.064880,600.000000
8.757080,178.045380,395.954651,600.000000
85.841614,195.545380,416.873474,600.000000
72.036850,170.392044,520.972412,600.000000
0.000000,185.914551,285.368866,600.000000
301.104370,71.462616,603.566223,600.000000
657.159424,67.905434,800.000000,600.000000
74.608994,250.337189,416.235718,600.000000
37.004608,152.732040,390.535767,600.000000
481.276733,153.543106,800.000000,600.000000
654.745239,197.390717,764.274902,416.450134
175.172546,214.505341,226.712097,317.584442
112.196350,268.967743,475.460510,600.000000
641.868774,342.396454,800.000000,600.000000
0.000000,239.020020,491.175171,600.000000
280.307983,157.518234,649.330811,600.000000
350.412079,159.124573,705.240967,600.000000
163.180099,201.160721,346.790955,568.382446
432.630249,191.346329,675.857056,600.000000
4.393555,183.509354,263.557739,600.000000
351.274902,252.111328,566.153198,600.000000
0.000000,113.661560,254.974274,600.000000
255.588715,205.955643,587.073364,600.000000
183.170151,142.084717,490.389526,600.000000
246.345383,95.867661,557.512329,600.000000
146.031708,21.379547,454.732330,600.000000
281.560486,256.756073,800.000000,600.000000
258.669952,252.622833,671.151245,600.000000
18.521652,118.471741,358.598999,600.000000
21.445160,349.753815,800.000000,600.000000
372.071899,249.514023,800.000000,600.000000
429.880066,94.911804,774.478821,600.000000
62.074463,233.335327,412.336304,600.000000
112.265923,118.517967,361.242950,600.000000
120.504272,223.226303,468.716553,600.000000
290.634308,231.549103,617.968262,600.000000
384.550781,198.066940,677.807617,600.000000
310.617065,274.824738,410.590027,474.770691
323.783325,287.991882,368.026611,376.478485
148.074982,283.604065,478.936066,600.000000
443.956238,246.780106,772.650208,600.000000
499.442474,290.811127,800.000000,600.000000
333.355255,282.875580,771.854492,600.000000
0.000000,125.128021,223.419922,600.000000
357.776001,317.951813,669.729614,600.000000
373.165375,243.882507,534.146118,565.843933
341.443115,176.471115,617.370361,600.000000
437.170715,247.537155,800.000000,600.000000
422.211121,310.241791,800.000000,600.000000
0.000000,82.708344,316.450104,600.000000
470.664520,146.185776,702.645508,600.000000
291.114990,290.308319,638.503174,600.000000
202.687180,198.444824,506.046021,600.000000
382.290710,179.360046,662.780334,600.000000
435.015808,174.157272,707.546204,600.000000
175.432449,122.778938,395.284546,562.483093
397.696350,119.974121,547.782898,420.147156
193.244507,297.256500,271.322510,453.412476
295.193024,120.343765,539.229736,600.000000
336.439178,333.383209,540.384399,600.000000
13.056885,241.618988,391.931763,600.000000
420.675751,228.673752,799.424561,600.000000
358.556000,307.570557,754.766479,600.000000
0.000000,238.791885,283.302551,600.000000
23.891235,224.665237,384.751770,600.000000
429.223572,114.692398,765.405823,600.000000
625.202148,198.073120,800.000000,600.000000
174.123871,297.716644,396.681610,600.000000
38.762817,318.320099,341.899231,600.000000
51.082695,258.486847,284.340271,600.000000
618.039429,183.027695,800.000000,552.152588
555.551941,208.910873,800.000000,600.000000
67.834717,249.102066,301.002563,600.000000
596.415894,153.308090,647.272339,255.020859
312.602234,260.348236,726.904846,600.000000
566.263184,235.635956,750.524170,600.000000
207.824326,94.499466,546.063416,600.000000
324.670441,99.902252,674.931274,600.000000
217.207458,120.011154,618.464905,600.000000
0.000000,177.865601,440.101440,600.000000
224.361511,103.306656,540.548767,600.000000
336.748566,288.409821,722.000610,600.000000
0.000000,315.715332,251.205246,600.000000
91.686111,303.787415,311.381470,600.000000
0.000000,172.122925,368.776123,600.000000
0.000000,290.320465,331.649628,600.000000
168.382187,235.988144,208.652634,316.529053
624.075623,320.014496,800.000000,600.000000
156.213379,272.824738,363.908813,600.000000
418.012482,264.604980,534.602905,497.785767
162.593796,178.101440,307.321838,467.557556
469.706238,187.656799,751.481995,600.000000
285.406281,205.037888,607.821411,600.000000
0.000000,353.409454,629.575684,600.000000
258.910522,356.394501,567.962524,600.000000
428.463226,263.430573,657.309509,600.000000
304.875305,178.396133,452.164490,472.974518
241.001251,186.409805,359.730560,423.868439
159.605530,157.876587,353.792297,546.250122
410.322754,200.272217,627.078125,600.000000
343.127136,129.911438,583.929138,600.000000
256.864532,116.007202,531.323730,600.000000
0.000000,285.637695,441.198059,600.000000
393.367188,296.453583,563.879944,600.000000
238.573792,206.344727,423.442078,576.081299
57.559036,138.734879,190.130020,403.876862
0.000000,318.448608,145.923523,600.000000
171.589005,252.240799,583.693604,600.000000
165.175522,134.958267,369.998901,544.605042
104.662148,171.820160,244.044464,450.584778
655.663574,219.191284,773.367554,454.599335
228.379456,133.583542,397.957703,472.740051
513.259277,264.122711,800.000000,600.000000
353.650787,318.048584,714.912231,600.000000
517.465942,299.280640,735.300781,600.000000
204.964264,277.041016,483.574310,600.000000
446.945831,99.830124,643.600098,493.138611
433.539612,246.008209,589.349915,557.628845
0.000000,0.000000,0.000000,0.000000
192.133728,262.896942,373.780945,600.000000
283.111694,322.123138,575.556763,600.000000
195.126068,253.548645,435.543732,600.000000
108.422699,149.389648,331.959686,596.463623
325.225067,200.873627,444.857452,440.138367
289.065887,157.008408,481.120270,541.117188
56.188538,248.851273,240.093811,600.000000
477.010101,216.090195,619.380005,500.830048
306.019775,197.940536,422.684448,431.269836
0.000000,178.762634,290.231384,600.000000
413.364441,246.989639,536.540833,493.342438
39.879669,220.316391,770.124512,600.000000
130.259216,309.702148,800.000000,600.000000
526.769348,103.007378,800.000000,600.000000
339.007080,152.918411,765.890625,600.000000
156.079086,226.028503,528.281982,600.000000
121.806641,247.715546,484.250488,600.000000
0.000000,331.095642,453.510956,600.000000
112.907852,184.246628,353.152100,600.000000
358.776123,260.872009,578.148071,600.000000
32.219696,300.481293,361.229279,600.000000
340.367493,205.257095,555.769348,600.000000
529.098083,212.499008,715.279358,584.861572
452.107666,320.278137,662.429688,600.000000
347.214294,292.930389,625.872437,600.000000
0.000000,177.553940,391.160126,600.000000
335.800262,236.028152,546.937744,600.000000
345.934509,178.773560,521.184875,529.274353
513.834717,296.104919,715.827393,600.000000
0.000000,293.613800,262.258118,600.000000
473.749634,223.257492,619.376343,514.510925
337.612915,253.039017,475.338989,528.491211
279.337097,319.705017,536.537659,600.000000
51.463913,245.583618,270.961792,600.000000
276.248199,168.109543,620.486328,600.000000
46.360970,289.610107,157.096191,511.080566
0.000000,297.987732,321.822052,600.000000
495.741669,250.577621,742.418701,600.000000
123.931335,164.404861,444.312927,600.000000
531.758423,259.312195,800.000000,600.000000
0.000000,289.754456,299.268707,600.000000
345.458862,251.938766,800.000000,600.000000
335.938324,288.789703,800.000000,600.000000
488.162445,125.417412,715.628784,580.350159
63.318039,192.174271,398.086731,600.000000
359.092560,231.095383,627.388794,600.000000
143.028458,225.755478,438.651306,600.000000
383.035217,126.471092,609.006042,578.412720
248.008911,107.801628,485.236938,582.257690
203.942245,219.012390,425.284058,600.000000
152.352448,290.854462,440.626434,600.000000
31.395050,177.128357,278.901184,600.000000
162.435562,300.179565,453.628174,600.000000
327.575806,191.538086,542.833679,600.000000
192.768677,253.731384,308.981079,486.156189
118.219315,206.040604,220.057907,409.717773
527.352234,181.358887,598.561584,323.777679
67.555908,193.823868,216.652283,492.016632
0.000000,0.000000,0.000000,0.000000
507.136292,173.775070,712.158875,583.820190
0.000000,249.697617,198.331299,600.000000
219.652451,317.678467,417.230225,600.000000
297.252991,314.036102,471.768372,600.000000
408.518921,317.911560,732.284180,600.000000
245.883362,121.641235,421.351990,472.578522
42.064438,286.484741,296.042786,600.000000
217.731201,280.917999,534.345398,600.000000
178.418732,98.292305,382.418182,506.291168
207.628693,163.381500,421.615875,591.355835
470.026672,194.760361,633.842468,522.391907
0.000000,67.543083,176.609100,600.000000
207.489899,247.113892,540.326660,600.000000
12.856354,203.796402,452.894623,600.000000
220.863373,253.063873,800.000000,600.000000
104.892181,160.356323,406.243561,600.000000
381.026703,194.378815,800.000000,600.000000
0.000000,215.968353,334.306274,600.000000
203.632568,291.170380,453.151611,600.000000
359.661621,230.212936,543.582886,598.055481
0.000000,166.396454,137.556870,600.000000
561.593628,276.809998,800.000000,600.000000
71.850540,169.029053,358.276917,600.000000
542.818176,235.378601,800.000000,600.000000
129.754929,273.185303,235.362137,484.399719
376.291687,276.903137,567.508118,600.000000
111.095215,100.616348,351.783966,581.993835
421.844971,196.909409,647.276367,600.000000
14.924774,294.832977,306.703461,600.000000
434.443207,170.388519,794.428223,600.000000
0.000000,315.896790,219.976440,600.000000
0.000000,244.322983,333.904968,600.000000
399.728699,135.541580,663.844666,600.000000
418.862183,248.828064,723.911499,600.000000
484.250336,277.830658,800.000000,600.000000
0.000000,0.000000,0.000000,0.000000
351.894989,236.529343,728.138184,600.000000
0.000000,238.869614,480.738312,600.000000
0.000000,0.000000,171.682755,600.000000
0.000000,189.569702,499.588684,600.000000
369.767242,184.392593,794.262085,600.000000
313.898987,170.817627,693.356506,600.000000
317.647003,107.950630,631.845093,600.000000
86.722931,115.222870,362.583771,600.000000
527.955383,183.321884,594.743347,316.897919
499.457703,160.021378,569.833313,300.772614
158.418152,254.477661,650.962097,600.000000
132.768097,327.755157,520.628174,600.000000
307.264160,156.855728,511.169739,564.666809
362.101624,274.131592,538.264465,600.000000
245.598160,182.993301,336.244476,364.285950
570.196777,257.809631,709.897705,537.211365
324.831360,191.859924,488.722961,519.643066
37.930794,245.397247,221.976929,600.000000
23.072670,129.305634,264.871124,600.000000
0.000000,0.000000,0.000000,0.000000
75.363876,239.764038,289.395752,600.000000
277.627075,236.379791,457.555969,596.237549
488.587555,315.624115,654.739868,600.000000
552.657959,128.086365,714.617065,452.004608
378.759155,305.778412,472.536072,493.332245
668.159363,171.388596,796.751526,428.572845
481.383026,324.709808,604.364624,570.673035
393.791656,149.136078,665.224365,600.000000
627.165161,277.418091,727.816772,478.721375
279.413391,168.853912,340.162903,290.352997
0.000000,401.635071,141.053650,600.000000
498.784424,223.253830,531.426147,288.537292
441.594971,302.039856,478.367249,375.584412
275.443542,334.261871,293.281433,369.937653
85.187935,211.873566,132.197388,305.892456
415.802307,0.000000,800.000000,600.000000
46.718613,126.842056,419.450256,600.000000
204.914215,221.901077,474.634491,600.000000
285.342377,326.801208,433.194000,600.000000
346.188690,145.663361,614.906494,600.000000
238.001022,255.903351,343.482483,466.866302
107.536224,218.653030,411.247711,600.000000
442.335266,258.444489,474.604370,322.982635
144.486588,281.409698,190.503159,373.442841
577.133911,185.300522,640.582153,312.196991
353.903656,106.148621,703.547241,600.000000
336.374084,184.440979,800.000000,600.000000
17.399750,213.305740,551.559204,600.000000
597.674561,357.470947,768.889404,600.000000
295.576782,279.209900,360.459351,408.975006
426.036163,162.306229,445.394623,201.023148
366.010437,208.882065,395.398743,267.658691
612.983765,142.982346,800.000000,582.918884
194.386795,277.302002,340.768555,570.065491
170.504929,160.560455,323.923828,467.398285
535.265808,276.293701,732.862488,600.000000
394.712616,239.792816,560.515259,571.398132
221.037140,119.207756,530.207886,600.000000
137.612915,137.752472,266.853882,396.234406
0.000000,316.481079,144.404449,600.000000
400.146088,243.646027,433.667267,310.688354
360.672852,345.534729,496.054077,600.000000
213.206055,299.878021,334.148926,541.763794
291.976379,242.496140,505.310608,600.000000
133.928085,28.652214,436.228821,600.000000
554.011780,223.759613,800.000000,600.000000
186.117569,207.775375,450.284180,600.000000
0.000000,284.597992,405.988373,600.000000
475.359100,69.449203,765.977051,600.000000
111.891586,298.255615,258.312317,591.097046
46.403793,170.254654,176.574783,430.596649
290.135132,184.581528,323.398926,251.109177
174.367950,219.856674,191.712067,254.544891
407.994476,228.344116,629.237427,600.000000
0.000000,0.000000,0.000000,0.000000
0.000000,88.176277,173.612595,476.342102
414.968597,157.924591,576.976074,481.939606
221.180450,135.234833,426.092804,545.059509
46.832550,216.371307,346.895172,600.000000
546.115601,267.319733,715.676392,600.000000
483.922150,223.440643,620.129883,495.856079
192.179123,351.049957,219.307510,405.306732
341.015045,264.500488,627.919556,600.000000
525.642273,191.411072,699.519226,539.165039
240.593719,152.313080,417.731110,506.587891
347.951172,445.599731,616.620056,600.000000
322.452148,334.286652,556.833984,600.000000
92.358200,150.053955,416.493591,600.000000
522.402405,251.388443,796.962097,600.000000
445.552979,209.076569,641.017334,600.000000
428.294952,176.275070,619.239624,558.164368
501.667450,296.536072,608.517822,510.236847
160.908493,216.172745,191.979752,278.315247
628.989929,176.737488,677.382874,273.523438
378.462952,252.119766,408.939392,313.072662
102.425385,127.298409,207.724976,337.897583
207.816727,287.140625,374.722961,600.000000
0.000000,0.000000,0.000000,0.000000
471.437378,139.895355,679.860229,556.741089
349.855713,217.040268,800.000000,600.000000
138.823685,211.169388,586.962341,600.000000
520.616455,198.725006,800.000000,600.000000
155.025696,318.224823,432.100159,600.000000
52.861408,176.388016,142.025452,354.716095
516.494995,242.097885,564.886719,338.881409
205.387390,264.951447,331.588501,517.353699
0.000000,122.846352,189.504929,600.000000
447.755066,178.372864,668.457214,600.000000
224.323486,204.559845,471.418091,600.000000
434.980011,233.304245,652.437012,600.000000
380.073639,104.202209,638.512207,600.000000
531.581177,300.220795,800.000000,600.000000
269.285889,255.725342,445.089233,600.000000
230.515320,273.975372,410.978699,600.000000
588.508667,267.784973,800.000000,600.000000
56.034973,198.038651,241.256836,568.482361
130.305939,224.911362,174.808258,313.915985
411.255890,365.456573,429.669891,402.284607
606.788635,165.657257,680.905457,313.890839
501.605682,188.429474,615.182068,415.582214
0.000000,319.138489,111.822426,600.000000
0.000000,132.902496,236.033081,600.000000
358.949127,201.111069,616.865234,600.000000
429.058777,175.547363,742.336487,600.000000
340.108337,94.210556,582.177429,578.348694
232.103271,216.254654,456.923340,600.000000
0.000000,277.601898,367.390686,600.000000
509.785828,263.007355,578.871643,401.178986
320.683929,169.803604,353.704254,235.844238
133.381836,129.125290,330.632629,523.626892
143.200775,229.225739,427.907257,600.000000
538.699890,76.989784,771.132141,541.854187
472.845337,238.145325,742.803345,600.000000
229.905273,274.562592,456.356567,600.000000
385.246582,181.306427,575.002930,560.819153
141.303665,217.459427,350.575684,600.000000
288.394501,252.298462,416.294708,508.098846
645.221191,144.301697,800.000000,469.467010
0.000000,0.000000,0.000000,0.000000
0.000000,325.198944,513.096008,600.000000
588.865234,162.907822,640.238892,265.655243
596.429443,192.372925,616.948975,233.412048
529.879944,283.274902,571.122253,365.759460
275.853149,178.509155,381.605469,390.013763
219.027176,229.362793,544.073914,600.000000
248.934357,135.231232,508.612518,600.000000
264.309082,245.550293,584.796387,600.000000
202.583038,326.953766,749.828857,600.000000
239.710724,139.240463,603.826782,600.000000
253.605133,221.004425,515.991333,600.000000
291.629456,156.374405,601.581665,600.000000
141.945847,75.900467,462.793335,600.000000
123.218079,173.681946,393.275757,600.000000
320.084076,305.956024,592.594971,600.000000
296.054840,175.491348,333.748016,250.877716
0.000000,196.329926,405.747070,600.000000
0.000000,52.385921,201.291946,600.000000
0.000000,315.436493,370.142914,600.000000
246.966873,275.385742,610.628723,600.000000
157.264282,172.735580,382.135254,600.000000
439.869507,164.444046,552.418823,389.542664
92.562073,121.602776,347.888611,600.000000
526.497986,205.111252,655.451721,463.018768
5.190399,311.298218,258.428497,600.000000
392.923279,82.396996,734.125183,600.000000
584.443359,258.627930,800.000000,600.000000
553.544556,362.544464,611.771851,478.999054
538.913025,151.238022,596.431213,266.274323
566.535706,344.859375,642.352966,496.493896
257.877808,113.763878,405.622986,409.254242
540.618896,342.518311,604.069336,469.419312
333.991150,127.940369,598.371155,600.000000
66.759888,113.498322,327.560303,600.000000
0.000000,266.204529,190.456177,600.000000
138.810684,90.562317,455.092896,600.000000
539.351563,250.407928,721.278320,600.000000
27.233681,325.137604,163.770203,598.210632
78.184250,257.365417,215.418564,531.834045
329.773193,266.762207,584.352539,600.000000
478.158356,278.013611,594.955139,511.607208
228.098831,135.830368,526.127197,600.000000
372.780426,304.120178,404.154633,366.868561
388.166931,303.817993,435.474182,398.432556
689.930542,133.113937,779.688354,312.629578
360.184021,31.030350,732.934998,600.000000
137.745880,210.193024,561.587036,600.000000
429.736145,177.033203,660.802917,600.000000
363.383881,282.399628,692.574097,600.000000
238.522675,297.508270,362.338959,545.140808
0.000000,0.000000,0.000000,0.000000
218.304855,283.070313,336.075989,518.612610
142.482910,131.104736,197.585449,241.309814
346.137329,190.844299,800.000000,600.000000
0.000000,0.000000,396.458557,600.000000
63.967873,316.655792,193.790710,576.301453
502.578430,228.973297,737.831482,600.000000
368.481781,282.512726,556.106140,600.000000
487.747375,204.244492,800.000000,600.000000
455.648804,250.806396,800.000000,600.000000
393.924255,196.225098,551.740967,511.858582
410.577332,234.176620,501.220398,415.462738
509.437927,252.810608,587.676819,409.288361
104.785461,331.732208,175.858337,473.877960
498.293243,232.837036,800.000000,600.000000
289.282410,190.780441,524.663818,600.000000
139.545349,222.347809,441.954895,600.000000
0.000000,229.286270,800.000000,600.000000
602.079041,291.981476,710.771790,509.366974
682.672424,286.855316,742.566833,406.644104
18.243073,23.346876,800.000000,600.000000
308.445618,248.328430,800.000000,600.000000
0.000000,316.911591,800.000000,600.000000
294.625366,283.505920,399.366699,492.988525
399.217834,164.186935,549.989441,465.730133
344.088074,159.411697,537.813293,546.862183
0.000000,192.369705,221.142685,600.000000
259.344543,124.172920,496.383728,598.251343
182.001099,303.323944,480.857239,600.000000
551.842041,280.295441,800.000000,600.000000
338.791199,130.320984,489.082336,430.903198
154.241272,345.762421,308.204895,600.000000
489.146210,204.192352,579.244690,384.389282
248.398163,354.077759,325.389679,508.060791
493.200806,239.359055,588.643066,430.243530
379.624664,318.749084,503.332428,566.164612
582.721558,10.839593,800.000000,600.000000
193.183899,187.448013,536.439148,600.000000
55.712379,288.283234,300.659637,600.000000
170.024582,137.358688,372.990906,543.291382
175.272980,293.577759,712.239990,600.000000
485.130676,173.675110,607.052917,417.519562
513.107239,346.932892,553.033142,426.784760
598.182251,76.608788,800.000000,523.824219
657.736206,78.239838,800.000000,561.235718
376.230255,99.045845,580.623169,507.831726
135.503479,136.355331,333.942810,533.234009
397.992310,273.336365,781.056519,600.000000
40.353195,248.336395,413.886780,600.000000
142.872177,154.496704,445.727783,600.000000
0.000000,126.414673,339.252563,600.000000
0.000000,58.919369,275.188721,600.000000
0.000000,0.000000,396.283325,600.000000
359.345306,216.253235,461.526703,420.616028
512.249878,260.069000,616.010376,467.589966
500.822693,246.143127,609.304993,463.107666
178.939026,269.211823,293.562012,498.457764
0.000000,254.091232,187.518433,600.000000
294.860962,402.017059,586.190308,600.000000
350.371582,158.410461,602.298584,600.000000
451.639038,162.355774,800.000000,600.000000
461.419037,186.401489,800.000000,600.000000
210.960327,44.719040,489.788208,600.000000
152.197205,212.234299,381.681458,600.000000
669.667725,196.337036,800.000000,600.000000
0.000000,0.000000,0.000000,0.000000
328.307983,121.488586,800.000000,600.000000
531.289063,238.500366,643.918457,463.759033
71.828125,215.510483,237.959351,547.772949
0.000000,205.833145,800.000000,600.000000
224.899963,201.898361,465.338257,600.000000
240.936859,122.309731,493.551849,600.000000
0.000000,0.000000,495.267456,600.000000
228.888763,256.322296,401.974030,600.000000
296.472504,280.387634,387.971893,463.386444
576.437012,353.635986,641.388916,483.539917
420.760315,168.332184,496.017761,318.847046
520.251282,279.503204,654.518738,548.038086
275.542969,157.083511,450.359314,506.716156
224.629318,281.072266,417.266663,600.000000
642.183716,98.485847,800.000000,600.000000
258.447693,207.113953,790.135925,600.000000
121.443115,261.222900,539.806274,600.000000
365.751740,227.150833,555.992676,600.000000
163.318512,249.513245,297.106293,517.088806
620.100220,240.325531,778.208130,556.541321
0.000000,0.000000,800.000000,600.000000
163.804779,266.704010,219.041290,377.177063
485.876495,136.257278,582.872131,330.248596
302.162842,209.183716,444.191406,493.240814
692.217163,404.737885,797.941284,600.000000
168.808456,346.048096,215.672867,439.776917
293.198975,277.426331,383.606567,458.241516
193.865524,254.419266,351.201904,569.092041
66.185837,195.756836,235.197586,533.780334
239.479340,296.148712,482.559296,600.000000
292.734100,175.171600,695.293457,600.000000
0.000000,85.032036,353.634949,600.000000
192.702057,291.483856,800.000000,600.000000
34.967834,209.524338,460.264557,600.000000
299.699585,160.329727,761.090698,600.000000
0.000000,104.013367,472.049438,600.000000
260.901276,89.527092,670.872559,600.000000
0.000000,286.347290,283.651276,600.000000
166.903961,62.726284,389.172516,507.263397
145.001495,274.094910,211.745819,407.583588
530.059875,174.727417,571.802185,258.212097
301.806458,154.873917,404.955078,361.171112
304.463715,256.037628,654.996948,600.000000
0.000000,0.000000,0.000000,0.000000
159.928879,33.392517,464.488831,600.000000
246.607803,35.059582,540.412720,600.000000
378.384308,49.057262,692.363281,600.000000
220.579803,284.097382,629.041626,600.000000
258.336426,208.038498,652.528320,600.000000
0.000000,0.000000,0.000000,0.000000
166.516647,103.088341,485.128174,600.000000
0.000000,306.639221,455.567810,600.000000
343.213226,172.201630,722.319214,600.000000
307.478088,67.217514,587.024170,600.000000
187.851089,182.383957,687.949707,600.000000
0.000000,68.962601,379.108887,600.000000
324.849518,176.805298,800.000000,600.000000
300.348511,87.925514,709.333801,600.000000
216.909714,122.039543,614.288147,600.000000
117.736908,63.135445,532.892944,600.000000
371.132477,189.171539,800.000000,600.000000
169.431152,275.990234,498.351929,600.000000
150.324600,208.008408,310.378418,528.116028
431.400085,175.685883,553.944763,420.775208
31.206360,302.544312,607.884705,600.000000
503.194031,82.564362,713.301331,502.779022
295.326782,238.924805,677.909729,600.000000
43.205154,149.378403,347.709412,600.000000
203.609863,30.255514,501.006470,600.000000
307.412537,152.710983,583.558228,600.000000
464.828430,173.898987,800.000000,600.000000
282.823456,209.044968,647.059937,600.000000
454.869995,64.642220,781.425049,600.000000
227.233902,8.541298,526.911194,600.000000
263.786316,35.438541,612.830627,600.000000
0.000000,227.511795,369.880890,600.000000
275.099854,207.108871,603.410522,600.000000
268.628967,233.516434,694.897156,600.000000
322.910156,149.986435,706.712769,600.000000
307.331055,223.221375,800.000000,600.000000
172.827606,145.023926,504.166473,600.000000
550.745789,251.819458,800.000000,600.000000
0.000000,180.377304,408.753082,600.000000
368.600067,265.832245,732.276855,600.000000
391.368652,301.671631,756.143311,600.000000
409.428406,146.766113,800.000000,600.000000
0.000000,17.592464,365.612732,600.000000
226.907074,206.708221,657.513428,600.000000
0.000000,202.679596,558.333374,600.000000
0.000000,80.242432,475.904358,600.000000
0.000000,0.000000,342.519226,600.000000
0.000000,0.000000,308.021729,600.000000
437.166595,159.408569,506.703278,298.481964
99.217079,293.470917,342.829163,600.000000
302.736023,301.775818,349.843811,395.991394
296.907471,258.749512,377.673706,420.281952
101.892944,209.578140,752.356323,600.000000
384.821198,206.928650,669.990112,600.000000
94.976395,175.107712,343.320618,600.000000
0.000000,274.303955,404.564758,600.000000
420.366333,134.418396,798.279907,600.000000
188.102600,122.855293,441.351746,600.000000
314.066742,206.874146,733.981567,600.000000
223.556824,280.036224,562.826355,600.000000
326.678925,142.158432,571.683228,600.000000
0.000000,294.621338,321.987183,600.000000
115.691803,196.223923,446.585541,600.000000
453.641418,270.059753,692.431335,600.000000
300.705872,219.614883,587.391357,600.000000
413.152344,116.982025,642.495972,575.669312
312.116394,149.685715,585.045166,600.000000
343.646301,6.810629,719.457703,600.000000
138.456573,216.891266,643.465942,600.000000
181.428116,142.342117,682.846252,600.000000
316.740173,118.170830,800.000000,600.000000
39.680573,101.392899,488.693207,600.000000
264.093384,269.310974,800.000000,600.000000
471.433044,51.329773,767.462219,600.000000
640.550781,345.689545,789.695923,600.000000
515.455750,276.593903,604.516418,454.715210
578.789917,177.301285,716.294312,452.310150
434.394196,264.358185,674.265015,600.000000
125.183258,201.068817,420.460236,600.000000
429.690186,76.982811,733.804443,600.000000
143.504517,141.492966,414.288879,600.000000
0.000000,305.603485,368.363953,600.000000
85.257324,288.672119,551.545471,600.000000
125.243713,89.389618,508.441711,600.000000
145.112457,247.279907,640.425415,600.000000
0.000000,134.480637,321.618073,600.000000
27.507309,111.115852,331.157715,600.000000
526.230408,122.781357,765.071350,600.000000
169.262573,176.716675,431.724365,600.000000
218.095688,294.671204,605.747559,600.000000
552.338562,296.915649,800.000000,600.000000
500.339050,158.139084,677.209045,511.879028
367.170959,201.513535,753.444519,600.000000
183.537079,198.953934,457.926605,600.000000
0.000000,0.000000,372.676758,600.000000
151.952881,217.007462,715.630981,600.000000
365.424500,96.455505,800.000000,600.000000
428.191864,0.000000,800.000000,600.000000
277.178955,25.772505,717.704712,600.000000
210.388977,9.918701,600.609070,600.000000
388.158386,130.810822,791.336609,600.000000
492.212402,206.389679,800.000000,600.000000
517.575745,206.500015,571.871277,315.091003
573.617065,248.441422,627.942749,357.092834
425.919495,125.741402,599.661804,473.226074
295.010590,150.001312,646.759277,600.000000
0.000000,161.292709,360.118713,600.000000
122.142654,229.400345,428.141174,600.000000
424.014008,105.231033,770.236694,600.000000
480.151825,161.951752,797.891113,600.000000
41.248032,237.453354,401.954346,600.000000
326.608337,200.146942,726.172180,600.000000
64.290939,173.263794,348.139709,600.000000
107.490906,167.123871,212.533264,377.208588
176.006195,97.442009,477.118561,600.000000
608.171631,118.916199,800.000000,592.475708
407.042908,168.769379,562.856750,480.397125
460.494751,182.691254,614.485352,490.672424
416.860107,162.830338,638.114136,600.000000
0.000000,294.644379,338.003204,600.000000
12.856384,0.000000,756.177551,600.000000
0.000000,0.000000,348.634338,600.000000
152.189667,169.193344,670.796265,600.000000
197.951462,138.381897,603.101746,600.000000
231.626175,32.150818,620.561218,600.000000
0.000000,160.539368,410.676361,600.000000
370.413910,0.000000,752.796997,600.000000
18.200562,255.473785,593.031982,600.000000
547.105957,357.761322,595.253052,454.055634
107.777138,302.679321,210.535919,508.196869
443.715424,345.909576,473.109894,404.698547
467.787354,73.692116,800.000000,600.000000
470.367828,157.233978,756.694702,600.000000
312.222229,159.424576,590.459595,600.000000
413.071594,167.336548,729.946228,600.000000
388.148315,173.578186,729.373413,600.000000
411.916046,143.183563,609.788879,538.929260
183.422791,281.156433,434.234924,600.000000
338.597412,157.270554,553.525085,587.125977
137.940308,178.580200,261.861572,426.422760
147.658203,200.795959,396.987061,600.000000
0.000000,183.597107,200.762634,600.000000
407.825165,223.836029,664.776367,600.000000
651.860901,151.190430,786.165588,419.799835
106.469391,156.914810,444.341461,600.000000
102.078949,260.114166,452.913361,600.000000
0.000000,146.185989,370.455566,600.000000
404.787231,166.193787,800.000000,600.000000
365.701019,132.343826,800.000000,600.000000
115.488403,190.671097,800.000000,600.000000
335.933563,210.399048,800.000000,600.000000
413.769287,60.634319,699.363037,600.000000
132.918182,210.555450,197.446381,339.611847
285.018951,225.462509,395.878937,447.182434
152.697174,255.973343,209.986084,370.551178
374.259491,270.305359,456.100555,433.987457
381.527588,220.796967,775.484497,600.000000
310.454437,232.739288,563.298767,600.000000
0.000000,235.605026,362.207764,600.000000
120.040558,291.844238,542.712891,600.000000
448.071533,170.863586,599.670898,474.062286
344.746918,294.786865,540.759644,600.000000
274.189026,218.338669,489.519836,600.000000
251.429749,309.143036,525.931702,600.000000
119.483879,123.610512,325.287170,535.217102
58.635239,87.679001,241.524826,453.458160
157.827789,234.860306,294.198059,507.600830
14.135025,300.380859,188.088669,600.000000
558.433105,160.521576,758.301025,560.257385
0.000000,176.744980,292.871704,600.000000
23.213165,77.656509,402.409454,600.000000
279.076324,0.000000,708.509033,600.000000
389.717102,129.575256,800.000000,600.000000
200.856537,81.537132,618.705688,600.000000
177.104233,292.702637,329.103333,596.700867
391.551208,141.355850,505.774231,369.801880
396.599731,182.689392,432.965637,255.421143
437.477051,145.303741,703.758301,600.000000
248.247101,250.026123,728.416626,600.000000
361.620239,167.636826,719.550171,600.000000
366.282806,331.670166,586.256836,600.000000
344.343933,167.573196,490.414978,459.715332
507.562958,182.296173,688.003723,543.177673
510.178436,264.046295,708.316772,600.000000
624.751709,147.829605,760.859985,420.046112
345.876038,133.406693,540.554016,522.762634
57.534668,278.961029,430.678650,600.000000
406.863953,151.338425,520.630554,378.871674
295.915039,279.992340,386.788818,461.739960
317.463684,320.981812,660.930542,600.000000
54.769684,236.042587,478.329315,600.000000
201.929504,251.156631,592.280029,600.000000
311.983765,197.882126,680.236572,600.000000
203.172913,128.509979,550.380432,600.000000
0.000000,222.136063,522.527893,600.000000
392.458984,30.788612,800.000000,600.000000
305.236145,53.749752,725.455994,600.000000
0.000000,0.000000,325.776154,600.000000
0.000000,227.039093,556.228210,600.000000
360.207672,48.675262,717.567749,600.000000
191.548599,187.300705,370.561890,545.327271
378.410736,206.306870,552.471802,554.428955
305.211548,142.432358,399.928467,331.866241
50.071823,135.356323,245.558212,526.329102
385.418274,222.407318,557.426819,566.424438
194.882034,80.355820,478.923523,600.000000
518.833679,328.292847,662.043030,600.000000
315.322998,150.089508,441.663452,402.770355
138.112289,162.224167,286.649536,459.298676
251.268585,267.483643,392.306122,549.558716
588.378174,182.545410,637.250000,280.289185
201.795288,287.875366,286.274933,456.834656
0.000000,283.446960,283.945770,600.000000
638.114502,196.495590,800.000000,600.000000
638.722046,227.018295,800.000000,600.000000
468.187622,257.404114,646.059326,600.000000
591.375977,188.372070,800.000000,600.000000
342.551117,177.866669,644.301147,600.000000
450.906403,98.958458,800.000000,600.000000
251.323425,224.166351,774.082947,600.000000
163.406219,110.971786,612.820435,600.000000
175.697418,172.041489,800.000000,600.000000
0.000000,0.000000,371.501099,600.000000
232.972809,0.000000,644.228394,600.000000
230.789658,57.289837,627.745300,600.000000
209.410950,174.512054,547.181396,600.000000
340.630981,60.765873,724.966431,600.000000
0.000000,143.913055,122.206642,568.123474
0.000000,197.331650,194.999084,600.000000
392.525330,363.217865,432.408936,442.985138
273.579071,116.710136,444.055084,457.662140
0.000000,230.677765,283.503265,600.000000
189.426941,155.156479,483.767883,600.000000
45.859352,210.753265,253.237579,600.000000
430.002655,287.576202,676.237061,600.000000
88.694603,305.014191,217.853485,563.331970
529.457092,305.074280,576.202087,398.564209
0.000000,281.329010,800.000000,600.000000
455.559082,305.775787,784.423828,600.000000
494.823120,267.691742,648.932495,575.910461
25.768097,270.824890,182.540710,584.370117
588.975037,168.253555,732.184631,454.672821
526.382813,211.799271,720.759033,600.000000
0.000000,0.000000,0.000000,0.000000
0.000000,0.000000,289.477814,600.000000
50.361389,214.701569,652.227844,600.000000
308.538818,0.000000,709.846558,600.000000
0.000000,26.873713,342.651123,600.000000
248.520508,213.933228,789.530640,600.000000
97.947021,160.906891,467.823242,600.000000
0.000000,283.710815,627.702026,600.000000
308.187683,128.103607,699.734924,600.000000
92.838501,262.410583,267.176331,600.000000
474.308655,211.168350,535.096741,332.744537
281.574890,269.610321,480.110657,600.000000
0.000000,277.539673,342.650055,600.000000
393.395691,252.294067,800.000000,600.000000
0.000000,0.000000,0.000000,0.000000
233.053848,164.313461,394.540771,487.287262
90.869492,181.492371,324.412231,600.000000
267.719116,354.688812,302.467407,424.185425
69.147964,185.400024,146.934128,340.972351
269.539001,165.338943,530.702332,600.000000
251.023575,90.381111,532.512207,600.000000
476.052094,256.498322,800.000000,600.000000
440.954712,226.052551,540.113281,424.369751
662.059570,303.117188,767.299316,513.596680
3.642990,159.329987,147.251907,446.547821
464.262909,321.738129,609.866028,600.000000
429.481903,78.283401,800.000000,600.000000
439.620483,86.074394,800.000000,600.000000
334.502686,189.366257,800.000000,600.000000
137.884216,153.448212,715.427734,600.000000
303.127075,97.142044,800.000000,600.000000
69.459152,133.663437,461.267578,600.000000
0.000000,226.815842,463.258179,600.000000
583.469604,36.811172,800.000000,600.000000
42.575623,281.000153,800.000000,600.000000
475.035950,295.492188,530.088135,405.596497
333.049866,347.151154,393.654236,468.359863
535.977783,111.332222,800.000000,600.000000
180.546585,180.428345,471.208313,600.000000
317.057159,319.609650,449.798981,585.093262
267.832581,286.746948,398.794861,548.671570
434.168396,169.731628,552.818787,407.032471
107.473297,273.698669,177.407440,413.566956
286.075836,347.061249,342.365814,459.641205
468.389923,258.107452,800.000000,600.000000
546.008423,290.413574,800.000000,600.000000
9.087234,260.531403,376.800171,600.000000
360.280487,282.536133,563.124023,600.000000
285.410126,245.051834,356.514801,387.261200
0.000000,197.187759,40.369236,412.672180
598.952759,126.633812,698.857300,326.443024
0.000000,0.000000,0.000000,0.000000
338.454285,71.525093,721.463684,600.000000
110.340240,0.000000,494.550385,600.000000
338.190613,60.746006,800.000000,600.000000
226.854950,140.034729,775.564697,600.000000
303.125977,55.227451,717.013306,600.000000
490.529114,77.103188,800.000000,600.000000
128.569519,0.000000,452.096741,600.000000
325.144501,234.110031,608.347412,600.000000
79.217598,149.709137,292.892395,577.058716
522.638733,288.263336,569.864929,382.715729
0.000000,304.467377,144.879150,600.000000
11.748535,198.654221,289.568481,600.000000
292.762146,258.583313,657.388977,600.000000
396.305420,164.051880,597.531250,566.503479
45.144142,249.951645,197.236237,554.135864
505.729858,164.127960,624.720825,402.109955
134.390228,181.529037,187.472778,287.694153
451.581604,339.174591,729.713196,600.000000
0.000000,128.596024,243.882187,600.000000
0.000000,223.277939,800.000000,600.000000
170.011597,122.863182,381.876953,546.593933
315.807098,152.989563,442.008270,405.391876
677.439636,276.849640,745.448059,412.866455
462.898560,246.619736,560.662598,442.147766
0.000000,332.830780,114.027084,600.000000
540.563599,16.829609,800.000000,600.000000
305.709839,281.066101,800.000000,600.000000
274.918884,53.700756,639.134094,600.000000
220.940735,89.963257,640.230225,600.000000
86.802551,131.681686,641.439636,600.000000
155.258224,27.724760,545.460754,600.000000
341.495728,0.000000,742.430908,600.000000
494.976532,149.930527,800.000000,600.000000
58.526611,192.992325,291.227051,600.000000
457.131866,189.335297,557.805359,390.682251
406.242554,229.875427,459.584106,336.558563
174.694611,221.136261,388.276154,600.000000
444.898315,177.621353,748.346069,600.000000
0.000000,233.149765,197.680435,600.000000
411.157288,267.011322,679.048523,600.000000
75.180099,231.983749,251.292221,584.208008
126.642609,325.496155,250.276825,572.764587
167.929977,115.755058,525.763062,600.000000
0.000000,74.456100,298.098999,600.000000
420.274963,91.800392,693.573425,600.000000
182.867981,247.794220,499.191345,600.000000
201.133163,107.012108,527.650574,600.000000
357.323822,275.454132,602.034729,600.000000
381.270691,270.607819,435.877808,379.822113
254.120087,311.147125,362.646759,528.200439
232.352676,299.239319,340.591675,515.717285
435.817688,194.149948,773.752991,600.000000
310.700134,46.552509,665.970337,600.000000
0.000000,0.000000,418.546448,600.000000
37.297699,218.042953,618.458984,600.000000
0.000000,99.884247,452.261688,600.000000
158.381744,177.041122,800.000000,600.000000
261.283569,147.683853,775.858521,600.000000
0.000000,316.494263,540.729797,600.000000
7.110214,0.000000,372.182739,600.000000
0.000000,278.403625,322.575806,600.000000
478.665710,281.092560,800.000000,600.000000
455.925354,166.441116,522.866760,300.323944
97.156219,186.585800,157.458191,307.189758
255.939392,230.231232,471.720398,600.000000
106.463882,188.577423,369.762390,600.000000
372.821106,309.839783,674.925598,600.000000
572.976746,270.297424,670.355286,465.054535
237.419403,230.771851,800.000000,600.000000
579.611755,176.107498,800.000000,600.000000
298.255554,132.332687,702.820068,600.000000
155.698486,255.133011,683.381042,600.000000
428.574341,180.310791,791.663574,600.000000
332.927185,131.690613,639.306824,600.000000
427.837372,116.304138,690.547607,600.000000
508.693970,136.902222,766.404541,600.000000
481.402588,297.727997,698.666992,600.000000
561.374939,167.089020,617.779846,279.898804
0.000000,346.719971,23.296642,581.462280
493.876831,217.287323,755.159180,600.000000
195.109482,125.265526,481.456299,600.000000
0.000000,117.622948,294.005402,600.000000
218.347214,81.230042,648.476135,600.000000
69.689499,50.052685,490.802612,600.000000
270.204468,31.367987,641.750244,600.000000
305.029022,0.000000,670.298218,600.000000
632.954895,238.228729,800.000000,600.000000
231.140198,194.127304,371.141296,474.129517
145.967743,255.852463,217.444397,398.805786
66.955978,188.558517,109.738678,274.123932
312.353210,256.750824,629.079895,600.000000
317.506714,286.249084,644.310547,600.000000
138.452332,241.197876,685.632629,600.000000
371.190125,191.981186,500.925659,451.452332
203.901230,205.342117,339.980774,477.501221
424.919952,111.927956,762.525635,600.000000
388.745117,102.028587,718.811890,600.000000
154.718826,176.531021,513.972107,600.000000
183.183807,66.503693,517.360474,600.000000
246.683380,152.326721,607.052246,600.000000
234.489670,133.480484,485.223938,600.000000
263.549011,221.062912,546.572693,600.000000
330.281250,112.158875,639.844727,600.000000
44.610046,270.910736,385.376526,600.000000
649.576782,185.353760,800.000000,506.521606
86.392906,284.070587,147.060089,405.404968
281.007355,350.233154,383.101410,554.421265
214.229996,185.491531,343.066223,443.163940
279.601135,75.769112,525.350037,567.266846
175.164932,87.950012,572.752136,600.000000
341.276001,85.861549,731.771606,600.000000
0.000000,186.911118,578.688904,600.000000
359.338928,27.931219,783.831238,600.000000
0.000000,31.249147,426.817169,600.000000
0.000000,160.751297,525.580017,600.000000
328.410278,21.370052,718.121704,600.000000
0.000000,0.000000,336.052185,600.000000
262.584015,152.039551,645.729004,600.000000
365.975830,221.339874,725.310547,600.000000
0.000000,0.000000,0.000000,0.000000
121.654968,279.335571,274.339478,584.704590
23.650471,170.700882,86.584061,296.568054
174.118164,220.866364,484.006958,600.000000
355.038849,304.336945,641.890869,600.000000
0.000000,0.000000,0.000000,0.000000
464.615387,109.538857,792.852539,600.000000
285.586426,81.011024,565.681396,600.000000
540.602356,53.069954,800.000000,600.000000
165.074554,177.554382,564.013184,600.000000
250.405029,240.160645,780.055420,600.000000
272.805115,157.785294,560.949402,600.000000
179.539093,184.215454,538.429199,600.000000
396.766541,72.287804,706.133606,600.000000
207.756958,182.514343,330.318237,427.636902
350.354584,189.665268,605.977173,600.000000
369.066467,151.962646,601.715332,600.000000
237.580093,101.485062,459.143005,544.610840
72.202187,294.357147,151.852112,453.656982
607.432373,317.967010,682.384521,467.871399
97.656784,168.644058,417.945740,600.000000
223.897476,137.627182,608.689331,600.000000
0.000000,0.000000,382.091248,600.000000
0.000000,0.000000,388.809387,600.000000
212.881683,191.896729,769.822754,600.000000
429.909363,59.649540,800.000000,600.000000
74.539459,54.020832,415.755280,600.000000
415.233612,62.709778,752.713989,600.000000
484.880768,234.631973,511.494598,287.859589
350.874969,330.142792,527.408813,600.000000
246.245682,245.535416,321.259827,395.563690
135.336380,161.390732,258.967834,408.653625
102.010666,228.194763,432.773926,600.000000
129.116760,146.656662,377.745056,600.000000
36.358826,97.158119,391.245605,600.000000
151.749588,103.383919,467.286621,600.000000
136.538757,281.509888,558.900696,600.000000
6.596405,192.187897,371.703278,600.000000
40.437393,113.506775,277.745667,588.123352
556.718201,196.359848,654.710022,392.343536
311.431488,191.583359,400.224152,369.168732
0.000000,0.000000,0.000000,0.000000
261.232361,133.486694,452.210388,515.442688
593.435730,350.069458,669.615540,502.429108
141.097549,169.314438,220.124283,327.367889
385.860901,198.680527,662.390930,600.000000
274.542480,284.919342,622.717773,600.000000
0.000000,0.000000,0.000000,0.000000
312.486786,0.000000,684.428711,600.000000
0.000000,193.245361,616.014038,600.000000
19.988129,0.000000,446.503601,600.000000
223.473022,100.443558,576.999023,600.000000
341.780853,172.599716,747.962524,600.000000
325.458252,209.526184,800.000000,600.000000
539.728760,36.173630,800.000000,600.000000
427.788239,320.625244,500.369232,465.787201
491.491547,217.207321,613.631775,461.487732
343.004761,278.646454,378.480225,349.597443
0.000000,210.241562,272.407990,600.000000
170.844330,154.640045,474.214752,600.000000
179.035034,258.465179,795.375244,600.000000
213.693176,91.551498,800.000000,600.000000
583.655334,45.890110,800.000000,600.000000
509.559021,206.070282,645.079407,477.110992
529.254761,167.581711,633.994385,377.061005
97.060356,175.160645,204.900818,390.841583
0.000000,269.668396,176.680023,600.000000
468.629761,127.195694,685.794556,561.525330
487.004883,186.432220,628.957764,470.337982
640.322815,344.276550,800.000000,600.000000
423.279907,225.453812,570.679443,520.252808
0.000000,293.992981,272.232269,600.000000
0.000000,269.524933,450.156891,600.000000
386.392303,77.555344,748.053955,600.000000
269.053528,62.656815,688.198608,600.000000
328.614868,0.000000,698.898193,600.000000
455.807343,166.147430,800.000000,600.000000
183.865143,241.410614,569.282715,600.000000
394.776947,299.272675,435.338409,380.395599
0.000000,224.238586,301.056183,600.000000
123.140831,147.026245,190.857666,282.459930
137.530579,280.122803,303.141785,600.000000
244.391846,249.107941,692.930298,600.000000
492.330780,134.238342,765.532227,600.000000
230.064621,228.652527,279.089661,326.702637
442.742615,142.133270,572.245361,401.138733
475.272430,300.630859,678.640625,600.000000
514.431030,274.556702,614.258057,474.210632
151.126602,292.333435,420.450684,600.000000
270.568665,324.283264,554.857971,600.000000
537.405151,182.851685,800.000000,600.000000
519.840332,281.407013,697.238037,600.000000
455.182861,233.556381,610.326050,543.842834
174.031204,107.375923,384.368347,528.050171
497.135193,199.456360,800.000000,600.000000
355.213989,59.299351,718.079956,600.000000
163.108368,73.010284,553.837769,600.000000
72.933350,43.364452,476.576233,600.000000
104.997849,0.000000,512.835632,600.000000
263.771729,174.327942,800.000000,600.000000
0.000000,20.392477,378.376617,600.000000
95.013428,190.803024,713.239136,600.000000
299.517944,187.119003,760.265869,600.000000
194.670334,3.916275,518.094727,600.000000
122.478065,165.756866,374.182404,600.000000
77.864594,224.063187,184.648041,437.630066
94.630684,136.475098,175.707825,298.629364
0.000000,254.015732,191.884949,600.000000
0.000000,256.033173,192.325027,600.000000
235.477982,212.917252,573.276550,600.000000
0.000000,305.813202,240.619293,600.000000
602.465881,252.200363,638.688904,324.646423
324.052124,306.483582,415.791992,489.963318
0.000000,300.273804,71.569710,600.000000
446.444458,207.565750,532.261353,379.199493
0.000000,0.000000,0.000000,0.000000
265.119385,279.292877,652.965698,600.000000
463.260162,127.468353,764.995361,600.000000
312.000702,197.723404,351.641388,277.004791
303.755280,307.449799,487.004120,600.000000
459.424500,242.638443,719.927063,600.000000
0.000000,114.049728,348.557800,600.000000
90.935760,256.854218,723.155029,600.000000
468.573578,29.612606,800.000000,600.000000
253.381073,161.902252,800.000000,600.000000
305.633423,30.156433,704.964966,600.000000
53.385803,235.517151,625.926575,600.000000
524.755249,127.224274,800.000000,600.000000
245.944839,146.875305,603.102661,600.000000
349.275391,332.243896,517.398560,600.000000
133.932709,140.021805,347.769073,567.694519
626.790161,350.949310,679.099121,455.567108
54.332581,262.076324,426.641052,600.000000
0.000000,253.457214,441.803680,600.000000
206.943787,194.040375,603.025330,600.000000
302.232758,295.053223,341.391510,373.370697
405.452393,223.952759,485.469971,383.987946
359.723236,224.658279,522.885986,550.983704
380.071716,200.007248,697.212708,600.000000
97.207802,262.891083,313.240845,600.000000
134.600204,239.309250,481.640503,600.000000
338.400696,296.856506,743.752136,600.000000
146.611389,121.825592,285.861328,400.325500
267.344543,132.291214,495.452209,588.506592
43.868134,155.252670,345.740601,600.000000
469.962097,128.874619,666.549866,522.050110
145.363678,209.896454,552.174683,600.000000
151.666458,177.811340,601.673645,600.000000
247.661926,117.579605,647.299316,600.000000
103.774292,96.676003,573.700928,600.000000
480.307861,112.601959,800.000000,600.000000
377.647156,231.429764,800.000000,600.000000
79.923538,254.626602,147.730469,390.240479
22.148933,280.666260,218.559845,600.000000
438.883942,157.334900,487.722565,255.012131
404.284790,261.780762,524.998230,503.207642
228.026794,284.961182,636.047180,600.000000
444.759766,195.963287,800.000000,600.000000
209.921448,205.912262,250.458557,286.986450
127.204361,283.822388,176.221268,381.856201
0.000000,0.000000,0.000000,0.000000
107.029007,244.115494,339.352661,600.000000
333.004181,180.840515,497.383331,509.598785
467.544708,148.852890,513.419373,240.602249
448.860443,250.583252,800.000000,600.000000
0.000000,339.576874,381.230469,600.000000
518.038940,332.963959,571.472046,439.830170
364.694244,268.192017,457.060272,452.924072
0.000000,244.084503,516.228271,600.000000
141.542160,86.057693,451.335632,600.000000
385.995911,171.107544,751.675476,600.000000
0.000000,293.297821,384.699585,600.000000
386.698761,46.696793,800.000000,600.000000
0.000000,105.070190,487.017883,600.000000
252.295151,131.855896,620.653198,600.000000
332.325317,0.000000,713.903076,600.000000
460.770477,92.134666,800.000000,600.000000
0.000000,213.939209,331.022095,600.000000
350.140320,203.679077,419.619568,342.637543
276.300476,314.866547,326.842285,415.950195
60.080841,246.214371,364.306427,600.000000
164.300201,249.460083,597.156372,600.000000
147.376587,229.086121,233.282288,400.897552
487.743164,249.678192,674.250977,600.000000
573.106628,311.019623,699.991150,564.788635
403.777405,132.465027,562.935669,450.781494
268.962646,183.927032,345.248047,336.497803
269.244202,189.760895,345.574402,342.421295
420.975891,200.553513,628.160217,600.000000
637.219238,286.640045,725.497070,463.195801
550.715454,236.182693,604.821899,344.395691
379.812256,317.352203,462.041260,481.810211
346.036865,273.975769,521.760986,600.000000
0.000000,144.814560,415.128845,600.000000
0.000000,201.894302,452.446350,600.000000
412.996674,47.864716,800.000000,600.000000
314.148743,0.000000,735.293396,600.000000
0.000000,215.713928,496.715515,600.000000
214.132446,247.340546,668.024780,600.000000
253.305099,92.040108,487.958313,561.346558
405.540070,274.014832,668.757935,600.000000
246.370300,260.244904,396.415955,560.336243
152.907043,297.099731,288.068939,567.423523
134.616333,188.003479,407.280945,600.000000
0.000000,155.831619,378.479858,600.000000
720.991516,189.191269,778.464417,304.137177
394.120178,357.812683,434.017029,437.606323
428.022980,279.906555,535.002869,493.866364
201.194107,253.130493,286.362061,423.466370
129.279175,296.234833,200.587463,438.851410
354.082550,188.351639,453.577850,387.342224
199.329514,299.997192,410.808105,600.000000
291.126099,305.486176,459.764404,600.000000
685.382385,182.626526,769.962830,351.787415
497.265503,245.417068,627.525757,505.937500
561.231689,233.645752,610.211914,331.606140
525.414917,246.392151,774.939575,600.000000
299.968079,156.925797,714.519592,600.000000
100.614563,6.221365,480.282166,600.000000
241.930908,90.095383,667.821167,600.000000
152.026520,180.724686,800.000000,600.000000
0.000000,162.085236,466.218872,600.000000
185.199341,189.734650,611.415283,600.000000
230.711487,254.867844,790.151978,600.000000
49.890854,82.453056,320.983337,600.000000
462.478027,156.671097,637.739258,507.193542
528.129456,226.549164,578.121765,326.533691
254.134003,125.795998,448.134064,513.796082
145.977631,55.017490,401.472260,566.006775
0.000000,275.868927,436.781799,600.000000
347.033539,202.991623,800.000000,600.000000
176.480469,298.734344,308.271667,562.316711
359.444855,228.462967,461.752899,433.079010
291.152588,174.491516,388.135742,368.457764
228.462555,139.122879,562.998169,600.000000
200.777588,256.206238,542.870728,600.000000
86.768341,270.521332,456.673798,600.000000
137.366089,300.108887,462.350037,600.000000
690.049011,231.535995,723.800842,299.039703
377.115082,204.428299,512.264160,474.726379
696.691345,311.065399,740.483582,398.649963
203.032379,134.993271,382.812714,494.553925
271.477600,110.863693,612.231323,600.000000
378.048859,0.000000,756.439697,600.000000
403.049774,0.000000,800.000000,600.000000
363.835754,108.170929,800.000000,600.000000
454.415192,0.000000,800.000000,600.000000
176.752441,174.049210,621.208252,600.000000
650.612610,111.868484,800.000000,600.000000
42.270859,157.395950,357.460205,600.000000
336.124969,223.038940,466.401031,483.591064
424.511505,207.425812,481.826996,322.056793
684.720520,124.210579,800.000000,478.567719
393.276093,146.903778,601.711060,563.773743
0.000000,96.038406,266.330597,600.000000
328.416290,165.178024,463.596161,435.537750
351.446533,232.217377,461.708496,452.741364
0.000000,323.755920,159.806885,600.000000
595.573181,231.314850,712.511780,465.191956
184.936844,35.842915,477.717468,600.000000
229.291199,80.212517,457.905823,537.441772
0.000000,0.000000,0.000000,0.000000
300.190125,199.435364,544.186096,600.000000
188.326874,133.568283,301.985199,360.884918
472.011780,276.177399,609.854797,551.863403
239.578522,174.004791,367.730804,430.309387
0.000000,0.000000,0.000000,0.000000
0.000000,187.178787,103.375977,600.000000
254.414520,156.455841,633.641113,600.000000
385.238892,65.311325,800.000000,600.000000
64.421814,201.073181,800.000000,600.000000
411.627502,148.388870,800.000000,600.000000
94.048096,228.029755,598.930176,600.000000
0.000000,112.022514,314.953522,600.000000
0.000000,0.000000,0.000000,0.000000
0.000000,231.477600,239.959320,600.000000
548.916748,305.241272,784.700928,600.000000
58.025909,163.366943,146.328995,339.973114
240.415222,297.451965,318.293518,453.208588
177.065094,158.602280,391.299042,587.070190
515.346313,311.207855,544.698364,369.911926
13.479511,267.902130,101.076752,443.096619
397.036285,338.458466,508.006317,560.398499
328.022034,121.218681,579.192200,600.000000
0.000000,186.928192,310.212769,600.000000
0.000000,131.890656,317.855408,600.000000
0.000000,231.757370,394.350952,600.000000
45.480423,213.853287,394.759949,600.000000
63.168045,210.164001,481.474670,600.000000
139.691055,311.551849,218.728989,469.627716
165.336502,280.319458,259.060608,467.767639
61.295765,228.953995,125.714600,357.791656
206.556030,104.131653,374.199707,439.418976
167.073883,25.071447,461.160370,600.000000
193.885941,68.070885,639.135925,600.000000
343.691711,74.070152,800.000000,600.000000
306.394348,77.916779,722.507263,600.000000
323.210175,82.992714,769.529663,600.000000
90.586609,230.162384,493.965271,600.000000
0.000000,0.000000,0.000000,0.000000
0.000000,279.189117,287.464722,600.000000
74.186150,225.115692,244.523651,565.790710
241.395065,321.571533,391.953674,600.000000
469.530945,57.275532,800.000000,600.000000
0.000000,198.383987,374.118652,600.000000
497.555664,162.774200,580.581299,328.825500
0.000000,317.300629,129.169662,600.000000
282.311157,126.844795,622.697632,600.000000
0.000000,42.058037,281.687317,600.000000
428.337494,192.959366,800.000000,600.000000
0.000000,0.000000,236.312225,600.000000
15.816833,60.084648,306.323181,600.000000
425.064392,162.348206,686.081360,600.000000
356.941162,143.186096,626.381165,600.000000
0.000000,280.712952,404.422516,600.000000
49.042091,322.579315,215.128815,600.000000
581.027405,360.601929,613.237976,425.023041
479.441406,193.158936,550.046997,334.370178
498.045471,269.444641,525.007690,323.369049
0.000000,0.000000,0.000000,0.000000
0.000000,256.415192,514.603638,600.000000
388.270569,89.291023,800.000000,600.000000
405.649200,76.565445,800.000000,600.000000
0.000000,0.000000,427.500305,600.000000
108.498016,0.000000,497.507355,600.000000
0.000000,51.963310,255.941864,600.000000
249.119110,185.682526,631.356689,600.000000
85.809387,194.761444,486.651428,600.000000
40.885803,96.683296,243.692810,502.297302
288.874268,273.792419,443.613464,583.270874
391.909973,242.667389,510.907776,480.662964
290.500183,141.134308,435.867554,431.868988
330.027893,129.991470,726.616638,600.000000
536.618958,240.040985,639.424622,445.652283
223.735046,192.702393,717.014832,600.000000
244.223816,222.381577,654.532410,600.000000
27.962372,219.592407,481.893951,600.000000
238.926819,200.156555,625.574402,600.000000
217.330688,191.831879,617.251099,600.000000
68.983582,69.692535,399.989380,600.000000
259.604553,91.529221,544.905457,600.000000
362.952240,145.344223,718.755005,600.000000
0.000000,194.448624,176.607208,600.000000
123.503250,236.669876,434.751709,600.000000
130.490143,110.470657,406.877228,600.000000
0.000000,332.673706,504.658966,600.000000
281.667511,177.433075,463.601776,541.301636
212.436798,340.571106,245.531647,406.760803
375.993500,291.321503,459.408478,458.151428
318.460510,232.891541,371.531067,339.032715
0.000000,249.033737,161.138733,600.000000
0.000000,259.230103,611.987427,600.000000
42.900574,182.212402,667.310120,600.000000
74.626892,227.990341,800.000000,600.000000
334.137024,0.000000,688.078552,600.000000
283.548340,144.799469,772.162476,600.000000
148.149185,207.815369,628.665222,600.000000
97.603943,107.650871,430.925232,600.000000
15.324097,293.418427,343.374573,600.000000
133.589905,320.253387,223.358368,499.790314
226.771088,315.782532,345.847076,553.934509
426.075714,295.485382,536.112976,515.559937
239.406006,276.511505,611.458862,600.000000
293.048462,214.575180,677.855530,600.000000
292.794067,84.148819,708.723206,600.000000
17.159393,127.709198,345.800812,600.000000
330.939331,170.870895,586.261658,600.000000
324.260132,100.755379,626.617249,600.000000
328.797516,120.933350,609.654053,600.000000
0.000000,0.000000,265.656311,600.000000
364.295654,156.521515,741.720337,600.000000
280.723938,174.637573,598.026367,600.000000
438.821808,162.516083,756.813477,600.000000
439.342407,148.248856,682.016479,600.000000
0.000000,178.980927,216.860046,600.000000
258.900513,279.241150,282.652344,326.744873
160.759598,200.194244,240.178482,359.032013
394.622589,102.808395,780.744385,600.000000
48.140213,72.425331,444.069885,600.000000
3.283508,273.912445,539.332214,600.000000
149.155731,131.642715,607.866455,600.000000
0.000000,100.177071,406.592041,600.000000
50.611115,102.590492,440.483734,600.000000
5.000031,283.851166,480.225616,600.000000
140.036407,105.157379,499.855499,600.000000
354.917389,307.899139,620.663940,600.000000
486.528473,201.968826,657.805786,544.523376
493.698456,184.303940,705.436523,600.000000
0.000000,85.561592,185.258850,584.057373
80.490723,181.926178,429.067322,600.000000
0.000000,0.000000,0.000000,0.000000
183.812714,206.494202,510.200775,600.000000
274.067322,145.408554,623.358215,600.000000
58.886444,267.517548,532.257324,600.000000
170.377335,17.454582,466.678101,600.000000
0.000000,231.667938,341.392090,600.000000
26.470108,285.540466,528.189575,600.000000
385.811646,219.395126,710.664429,600.000000
534.447693,193.937347,729.666809,584.375549
228.774445,207.555313,297.519073,345.044586
266.953369,265.362122,338.100769,407.656952
311.096313,237.955231,391.795532,399.353729
231.617233,234.770798,514.968201,600.000000
0.000000,0.000000,0.000000,0.000000
46.510010,170.881241,499.438904,600.000000
617.594177,0.000000,800.000000,600.000000
395.143127,0.000000,791.091248,600.000000
244.910446,17.902546,611.644836,600.000000
453.436768,211.112167,800.000000,600.000000
0.000000,0.000000,0.000000,0.000000
372.496338,196.300919,517.562988,486.434174
158.237366,242.504333,242.390930,410.811462
300.180847,101.595779,520.651306,542.536621
180.113541,156.955521,444.984619,600.000000
218.245682,145.978622,496.739685,600.000000
427.750580,188.930130,800.000000,600.000000
288.103851,167.298630,599.281616,600.000000
0.000000,145.773102,345.840149,600.000000
9.961639,208.051178,434.816376,600.000000
284.875397,205.323593,666.630859,600.000000
0.000000,54.538090,310.684204,600.000000
213.068604,50.234699,512.990967,600.000000
242.735123,109.654213,517.297852,600.000000
411.224030,163.990601,744.786499,600.000000
0.000000,292.300812,311.713989,600.000000
621.736145,218.300201,800.000000,600.000000
62.866768,281.229156,95.808067,347.111755
131.644745,332.024261,178.536316,425.807404
444.364502,335.402863,553.203003,553.079834
113.089081,248.843506,800.000000,600.000000
383.033112,74.333183,791.342651,600.000000
0.000000,167.004379,506.258301,600.000000
0.000000,120.838326,396.843628,600.000000
85.944244,193.310760,674.735840,600.000000
0.000000,0.000000,429.241089,600.000000
0.000000,83.183899,436.008942,600.000000
106.921509,163.037186,527.807007,600.000000
146.837036,177.027618,609.617676,600.000000
445.495544,211.757324,509.175598,339.117462
276.221252,148.992508,613.502625,600.000000
504.395782,208.105255,595.990417,391.294556
523.282654,297.633392,727.529846,600.000000
334.515198,130.063248,590.688965,600.000000
371.359680,159.501068,741.827332,600.000000
64.098724,242.575195,356.080536,600.000000
46.323013,241.556931,397.062866,600.000000
375.714142,204.756516,800.000000,600.000000
65.634186,0.000000,417.829010,600.000000
0.000000,225.571945,408.451843,600.000000
178.313095,36.305843,486.272217,600.000000
206.187607,170.354477,575.178101,600.000000
393.679260,217.664932,800.000000,600.000000
308.628571,147.011032,616.941772,600.000000
415.221375,129.846664,746.025330,600.000000
285.012512,223.742691,585.638123,600.000000
50.099426,0.000000,352.254822,600.000000
85.669174,91.420784,415.850159,600.000000
0.000000,116.056252,236.243103,600.000000
499.829834,310.385834,527.528687,365.783508
459.889648,231.850296,618.324585,548.720215
230.008881,103.767227,485.244720,600.000000
366.664276,246.016708,800.000000,600.000000
0.000000,0.000000,210.962219,600.000000
262.675995,126.664169,768.077759,600.000000
0.000000,26.503103,419.852448,600.000000
337.637146,0.321006,728.516418,600.000000
0.000000,0.000000,365.337341,600.000000
303.043640,210.290924,800.000000,600.000000
62.681427,219.852234,591.949219,600.000000
315.286438,132.823776,673.124756,600.000000
230.751602,254.672318,326.222412,445.613922
469.620636,236.715698,774.969482,600.000000
398.894501,221.488495,710.035034,600.000000
0.000000,117.637001,183.711365,589.664246
416.017273,338.208466,800.000000,600.000000
369.448334,180.963043,717.784180,600.000000
463.244751,145.388580,800.000000,600.000000
219.716568,239.032730,507.939148,600.000000
0.000000,12.125140,285.768768,600.000000
438.943695,135.504913,767.057983,600.000000
149.191422,62.165916,463.725220,600.000000
59.154968,218.051041,546.606567,600.000000
0.000000,226.532074,215.869019,600.000000
459.977966,136.685608,800.000000,600.000000
79.436821,296.168610,308.478333,600.000000
111.693611,264.743622,172.846130,387.048645
682.188049,186.060684,800.000000,448.235687
1.074219,276.745941,126.251175,527.099854
0.000000,0.000000,0.000000,0.000000
315.176880,92.758385,711.095459,600.000000
119.209900,0.000000,511.271912,600.000000
0.000000,131.711685,578.879639,600.000000
319.730347,74.889992,750.369751,600.000000
710.424438,125.059639,800.000000,600.000000
96.147079,61.860806,440.956177,600.000000
234.885086,187.110977,642.875000,600.000000
160.728897,205.018967,237.805466,359.172119
60.268219,261.813507,318.429413,600.000000
411.336914,325.614655,565.131104,600.000000
217.198868,140.231308,356.173706,418.180969
388.562256,77.812332,800.000000,600.000000
156.927307,75.858253,451.382080,600.000000
0.000000,232.763733,336.733032,600.000000
453.133575,67.243195,780.812378,600.000000
147.021255,256.976135,598.892151,600.000000
375.997559,267.081879,749.154297,600.000000
349.564301,95.255096,630.535889,600.000000
288.628479,231.916809,362.435364,379.530640
78.101547,233.045029,165.890106,408.622162
418.928497,288.436981,677.551147,600.000000
194.864136,277.410614,774.994019,600.000000
76.980896,318.875244,391.686432,600.000000
715.741699,354.964935,744.388916,412.259277
564.183960,203.386002,710.419067,495.856201
224.083633,135.143188,473.553101,600.000000
0.000000,0.000000,0.000000,0.000000
86.403458,139.048904,531.124634,600.000000
0.000000,261.474548,567.361084,600.000000
0.000000,118.823021,398.956970,600.000000
282.418884,86.444969,685.452820,600.000000
67.591827,56.628082,489.721710,600.000000
166.978607,231.496185,628.380493,600.000000
205.976349,136.870392,600.231689,600.000000
0.000000,0.000000,0.000000,0.000000
464.475464,279.660370,664.339600,600.000000
385.897034,353.119934,596.622009,600.000000
353.188202,267.357758,494.086823,549.155029
213.979584,185.700836,622.588501,600.000000
0.000000,161.608505,218.284927,600.000000
0.000000,256.722534,369.881165,600.000000
393.336182,65.879257,617.550049,514.307068
136.412460,214.658981,468.687866,600.000000
75.628662,149.535675,385.701233,600.000000
685.768921,261.811096,800.000000,600.000000
153.503250,141.054062,396.806091,600.000000
232.200195,186.922562,463.804077,600.000000
379.879761,85.682381,695.238281,600.000000
152.468735,164.533340,464.213318,600.000000
161.367462,287.511902,318.445404,600.000000
600.918213,249.537796,637.137939,321.977264
367.881805,60.175644,641.250977,600.000000
0.000000,201.334641,340.435913,600.000000
325.089996,204.150055,685.255615,600.000000
107.753860,244.225143,594.539673,600.000000
0.000000,276.816528,705.304688,600.000000
402.728485,125.072372,800.000000,600.000000
209.906403,91.505745,643.081055,600.000000
0.000000,59.848343,425.147675,600.000000
46.149170,217.438721,488.791016,600.000000
23.068176,139.151047,379.507690,600.000000
117.263832,114.443207,298.502167,476.919861
172.647430,137.745087,441.734161,600.000000
0.000000,215.841995,131.100128,600.000000
318.593506,156.267166,580.021667,600.000000
85.531784,219.648758,317.131897,600.000000
205.156509,206.382187,520.661011,600.000000
358.767334,294.923706,595.139954,600.000000
221.482635,254.654434,443.104706,600.000000
690.640198,270.329102,741.364807,371.778290
400.963715,261.269653,506.506622,472.355499
455.751831,301.076904,563.636780,516.846802
444.828156,231.154327,747.574341,600.000000
139.504425,191.037537,436.182098,600.000000
121.119469,248.760712,185.434509,377.390808
546.710388,220.163818,662.618713,451.980438
55.530914,264.077942,283.134003,600.000000
283.425354,129.086212,479.862793,521.961121
373.775482,44.791798,783.777466,600.000000
0.000000,204.876892,490.069366,600.000000
0.000000,0.000000,293.693024,600.000000
0.000000,217.095703,588.124878,600.000000
300.407867,27.066601,693.015015,600.000000
606.603333,278.983124,800.000000,600.000000
310.529236,255.030853,576.785217,600.000000
76.979752,201.590195,330.774597,600.000000
217.563110,89.253883,451.199341,556.526367
250.036041,262.413452,800.000000,600.000000
198.282425,121.091812,423.194031,570.914978
191.256958,224.660400,478.727905,600.000000
318.472961,181.004501,685.001160,600.000000
556.714722,199.348892,759.610840,600.000000
278.986176,242.194260,338.028839,360.279633
556.822998,304.428101,614.113770,419.009766
97.982147,229.066757,188.847443,410.797363
83.679108,308.398743,330.196320,600.000000
362.035950,267.130859,716.569031,600.000000
386.698090,141.973007,677.319092,600.000000
227.458481,198.579910,347.436920,438.536774
275.130859,153.348053,346.729736,296.545746
400.611572,263.984558,593.234741,600.000000
325.106598,214.157547,489.305023,542.554382
0.000000,159.812881,273.522675,600.000000
0.000000,179.066391,256.394592,600.000000
285.084747,4.649931,646.279175,600.000000
0.000000,93.381073,412.020874,600.000000
96.755768,163.376328,587.085327,600.000000
54.191696,13.589394,418.268921,600.000000
128.886871,239.522430,471.152924,600.000000
197.372131,271.948273,429.841187,600.000000
0.000000,189.694199,316.910309,600.000000
258.555939,80.264656,518.365112,599.882935
253.441803,211.386093,532.681763,600.000000
194.847580,74.808167,450.572937,586.258911
131.314148,133.775528,477.983215,600.000000
41.175415,88.174637,426.533936,600.000000
313.473846,175.453918,385.054291,318.614777
600.788818,330.818390,614.753052,358.746948
353.647217,171.823486,571.940918,600.000000
421.212433,146.810638,701.837646,600.000000
0.000000,179.484604,280.072632,600.000000
643.936401,256.264618,800.000000,600.000000
602.208252,282.094818,800.000000,600.000000
213.011353,311.395447,285.001373,455.375458
0.000000,239.064697,85.854210,411.630493
261.583313,243.262466,480.723450,600.000000
623.789429,294.971039,800.000000,600.000000
410.248962,146.710999,800.000000,600.000000
0.000000,0.000000,218.132111,600.000000
417.499878,0.000000,800.000000,600.000000
180.014252,252.320786,607.114868,600.000000
79.752975,128.634888,434.248962,600.000000
216.218918,67.126663,522.528809,600.000000
97.008759,251.204590,366.211578,600.000000
0.000000,127.993599,328.625977,600.000000
336.650208,180.529480,758.003723,600.000000
0.000000,134.106369,370.031128,600.000000
0.000000,0.000000,248.896912,600.000000
366.191742,0.000000,785.829102,600.000000
226.879807,15.732765,552.610046,600.000000
0.000000,99.206703,355.370667,600.000000
0.000000,250.732773,474.711823,600.000000
647.721680,277.272430,800.000000,600.000000
311.375458,287.021942,396.418365,457.107788
661.652710,312.587494,740.541382,470.364807
350.128937,229.847977,451.717743,433.025543
245.212830,23.975462,559.830505,600.000000
0.000000,70.028862,242.794647,600.000000
205.850372,170.231537,488.155731,600.000000
397.249939,252.690277,714.028625,600.000000
463.807159,167.709152,571.954468,384.003723
342.259857,327.837250,370.602875,384.523315
332.647278,228.330612,379.201599,321.439209
0.000000,337.636688,78.104637,600.000000
60.321564,243.239136,800.000000,600.000000
0.000000,170.039703,422.604919,600.000000
540.182617,0.000000,800.000000,600.000000
0.000000,166.397797,458.702118,600.000000
184.923401,210.728424,585.576599,600.000000
273.475739,298.656494,391.395721,534.496460
289.624023,258.151031,341.786865,362.476776
224.028275,159.186325,323.470306,358.070404
360.981628,268.347290,800.000000,600.000000
253.987167,85.751205,548.941895,600.000000
515.200317,180.253876,800.000000,600.000000
0.000000,234.402817,407.866516,600.000000
525.070923,175.746750,776.915771,600.000000
93.391998,236.145691,123.592209,296.546112
55.511986,370.925751,143.096771,546.095337
441.121887,120.651413,668.790466,575.988647
428.033173,173.759842,622.051758,561.797058
444.097595,236.731323,673.849060,600.000000
74.695267,174.567093,359.247314,600.000000
661.464294,178.657715,800.000000,600.000000
188.169891,242.331573,253.095886,372.183594
256.305023,280.077209,364.856171,497.179504
397.310272,254.649063,716.158936,600.000000
383.493927,150.707855,608.049500,599.819031
59.370865,142.167664,358.028625,600.000000
447.132904,197.453690,696.295776,600.000000
150.125854,233.710449,446.626282,600.000000
460.684509,153.345673,564.656433,361.289490
405.074738,195.667114,505.394073,396.305817
248.679062,264.142578,355.861450,478.507385
141.883591,212.713135,416.914612,600.000000
0.000000,208.196869,350.258362,600.000000
126.175613,98.741287,543.452637,600.000000
378.640137,151.296448,735.517822,600.000000
519.005127,109.819756,800.000000,600.000000
275.600342,168.666580,565.842285,600.000000
172.565369,163.161926,483.270325,600.000000
0.000000,193.533600,210.624023,600.000000
52.624161,114.803139,427.834351,600.000000
559.507324,174.413559,800.000000,600.000000
219.653412,280.955231,392.737823,600.000000
364.414001,202.987732,559.416321,592.992371
419.681213,185.956696,741.989685,600.000000
8.352768,351.891785,138.137131,600.000000
261.546326,310.866119,448.630432,600.000000
0.000000,207.721481,503.452637,600.000000
0.000000,138.529999,320.209839,600.000000
363.805023,119.493767,772.938843,600.000000
0.000000,331.841644,739.006775,600.000000
267.615997,143.282837,522.045654,600.000000
498.916687,266.885101,534.137512,337.326752
446.874329,232.368530,570.408630,479.437073
129.089355,200.686813,246.537964,435.584045
710.623718,327.582703,800.000000,546.574097
171.971619,290.263184,260.428894,467.177765
451.934601,242.226105,623.005005,584.366882
108.939957,248.578903,598.083557,600.000000
264.140869,247.274826,761.565552,600.000000
384.809448,279.566650,784.886597,600.000000
258.830627,208.908722,553.911499,600.000000
200.152863,343.041138,229.742493,402.220398
110.340652,70.703194,388.489136,600.000000
531.109314,39.472763,800.000000,600.000000
391.377808,147.970947,553.140259,471.495819
317.186829,289.595398,644.150818,600.000000
406.627045,196.821106,534.517517,452.602020
337.211121,156.926880,590.701172,600.000000
375.263550,150.996765,457.900269,316.270142
261.764984,171.059708,347.135223,341.800140
84.492165,276.882721,183.101898,474.102173
352.858948,232.505096,498.777039,524.341248
347.298645,258.540985,481.860779,527.665283
25.135796,195.620148,236.729431,600.000000
185.534119,139.525391,436.355896,600.000000
0.000000,286.693237,585.682678,600.000000
0.000000,0.000000,0.000000,0.000000
219.436859,243.393097,273.205048,350.929474
346.094482,355.459076,390.761780,444.793671
0.000000,0.000000,0.000000,0.000000
289.717102,326.328156,470.865845,600.000000
386.328491,311.714722,440.132935,419.323669
425.990631,189.717834,700.529419,600.000000
448.457886,205.631165,557.034912,422.785248
381.667023,256.607117,468.796722,430.866516
251.955139,240.856018,398.284729,533.515198
363.536835,245.171158,480.982208,480.061890
14.349457,262.035614,163.597305,560.531311
241.112839,235.583374,316.536682,386.431091
65.793655,274.994202,178.117630,499.642151
207.958466,224.084290,322.937775,454.042938
293.043945,209.859024,317.452454,258.675995
39.265015,269.395081,164.206055,519.277161
529.324158,312.650787,755.379456,600.000000
559.781860,235.298264,800.000000,600.000000
431.645416,265.570343,800.000000,600.000000
0.000000,227.414368,384.380188,600.000000
189.194031,199.820328,339.336060,500.104370
524.957886,270.592804,567.033936,354.744843
631.882080,282.334259,687.757568,394.085205
620.292358,320.509766,800.000000,600.000000
380.814819,175.986969,480.870972,376.099213
315.104065,352.357208,558.989746,600.000000
687.492126,278.732056,800.000000,568.982361
0.000000,118.555496,44.335178,426.264984
100.685089,290.886597,476.026703,600.000000
489.268433,328.383728,693.455933,600.000000
0.000000,0.000000,0.000000,0.000000
399.639374,182.207642,745.719727,600.000000
290.243958,352.381256,398.855042,569.603394
312.513306,299.987152,447.310181,569.580872
662.226379,176.581146,764.719910,381.568207
344.990875,302.454529,376.034576,364.541901
365.260559,296.414337,429.465637,424.824524
115.950897,311.551056,205.703705,491.056671
297.787933,280.119537,596.034302,600.000000
553.066772,314.300568,652.425659,513.018250
356.195404,188.182999,407.212250,290.216675
249.215424,309.275818,448.632477,600.000000
216.913254,148.854996,597.584900,600.000000
144.704239,254.677994,499.766479,600.000000
5.750885,292.300964,224.118530,600.000000
669.398804,294.385468,800.000000,575.482056
370.012817,272.565491,517.462524,567.464966
528.523132,204.490326,668.180725,483.805450
397.150085,225.347031,535.254456,501.555817
172.462112,190.666092,431.919739,600.000000
0.000000,277.782837,447.505157,600.000000
485.853668,158.373871,800.000000,600.000000
201.345001,95.706261,528.983643,600.000000
278.961975,139.014816,631.750671,600.000000
580.869995,18.784672,800.000000,600.000000
88.202682,212.176178,365.398926,600.000000
578.324280,202.380173,677.555969,400.843597
60.923340,275.029144,526.804932,600.000000
612.231567,356.500244,706.554199,545.145386
689.441223,233.687012,715.428162,285.660889
404.359131,194.901871,436.991028,260.165680
458.660614,0.000000,800.000000,600.000000
424.564697,278.852570,631.613281,600.000000
389.899963,180.579132,430.513489,261.806152
414.903778,366.475525,461.984406,460.636749
237.541534,298.339966,691.813477,600.000000
142.681854,237.679779,501.692902,600.000000
207.248047,153.416229,387.658508,514.237183
677.827942,280.479340,800.000000,544.773926
253.132172,337.885468,398.178986,600.000000
488.826447,237.246826,785.400146,600.000000
403.485107,259.762543,542.501526,537.795410
279.923157,176.261734,506.584534,600.000000
329.964600,245.038803,484.600952,554.311462
128.203491,153.271378,332.798401,562.461182
243.046204,358.653107,547.069275,600.000000
222.092407,164.770294,549.827881,600.000000
0.000000,311.591461,444.748657,600.000000
351.318573,311.387726,403.622223,415.995026
402.404053,167.720261,590.155884,543.223877
0.000000,285.697693,195.747574,600.000000
390.494965,343.637939,427.305511,417.259003
0.000000,309.832611,51.799057,446.042938
120.394043,190.682541,252.846924,455.588318
23.289047,223.975754,218.879349,600.000000
384.487854,316.767731,417.226379,382.244720
516.080811,309.083588,585.387451,447.696808
40.480110,319.371643,131.481140,501.373688
48.128738,112.958191,428.916626,600.000000
0.000000,251.535904,227.428360,600.000000
347.370239,339.183655,433.402344,511.247925
358.563904,211.872681,453.109436,400.963715
102.560158,299.023224,317.112762,600.000000
180.763031,109.739021,466.026642,600.000000
201.945984,182.196564,499.250183,600.000000
0.000000,325.306305,568.960510,600.000000
337.509216,308.620300,515.039246,600.000000
167.126709,201.260422,360.839111,588.685242
241.995148,85.892738,562.099243,600.000000
475.044861,135.991074,702.727234,591.355835
503.375244,152.586975,552.352905,250.542297
250.764099,185.407562,334.614014,353.107361
344.882690,116.105530,487.957031,402.254211
195.988739,154.465286,310.659821,383.807465
637.054932,203.867172,705.839111,341.435547
556.089172,294.505127,672.090027,526.506836
283.546234,149.161591,593.632690,600.000000
275.323517,258.903381,353.159760,414.575836
476.150726,301.905914,516.003723,381.611938
377.957123,127.538498,461.003448,293.631104
227.850739,74.253380,761.585449,600.000000
106.744843,269.996735,430.906342,600.000000
0.000000,126.727882,192.061493,600.000000
275.086365,138.061920,372.829773,333.548767
433.650940,244.966400,674.475281,600.000000
463.829987,235.770172,600.039673,508.189514
562.013000,281.481598,727.847107,600.000000
318.941650,204.314148,395.902466,358.235809
0.000000,0.000000,0.000000,0.000000
424.584320,298.739410,573.830872,597.232544
527.860107,208.499023,743.690674,600.000000
308.183777,214.865768,645.495544,600.000000
44.530243,265.723389,192.548401,561.759705
572.042969,235.519485,713.202881,517.839294
584.591431,263.021484,800.000000,600.000000
494.916382,232.649429,782.051758,600.000000
77.611771,215.348450,241.367538,542.859985
484.048553,302.834229,541.956604,418.650299
303.807831,129.016296,429.015411,379.431458
56.240398,193.867844,132.929077,347.245209
469.663086,244.847946,525.614868,356.751495
119.694725,175.529785,173.121246,282.382843
46.102295,124.270302,180.415558,392.896820
362.437958,236.470795,800.000000,600.000000
241.747528,150.822815,554.197266,600.000000
404.043701,204.582733,525.427368,447.350006
152.389023,236.291794,297.977112,527.467957
590.483887,194.589081,720.769409,455.160126
310.480927,178.034393,426.759918,410.592346
324.901489,155.265854,453.512878,412.488647
76.628082,269.783325,425.188202,600.000000
604.483093,282.040527,791.971741,600.000000
278.453613,325.142578,419.244995,600.000000
458.154022,292.240448,614.346497,600.000000
602.041687,147.834778,681.414124,306.579742
277.905090,235.080872,346.160950,371.592529
33.988091,280.046539,266.618896,600.000000
201.758179,347.596191,252.533997,449.147858
515.394104,169.395096,589.199646,317.006256
254.940521,203.601608,327.710724,349.141998
140.922958,207.373154,208.839767,343.206757
528.200745,236.284943,600.057312,379.998077
476.231262,299.163177,600.624451,547.949524
324.474701,221.682220,433.677094,440.087036
342.907928,159.293884,463.006012,399.490082
154.207642,176.923660,291.557129,451.622650
170.825195,265.802338,350.740356,600.000000
428.178711,226.210495,529.626343,429.105774
358.832275,152.359421,442.484497,319.663818
205.357178,183.046738,324.190308,420.712982
433.762085,97.258118,705.093872,600.000000
403.681732,182.557602,519.766479,414.727112
147.902161,189.404877,212.794220,319.189026
482.862885,105.247467,800.000000,600.000000
264.573273,167.138382,535.458496,600.000000
365.862518,338.501709,446.876251,500.529144
102.472580,303.499939,157.980911,414.516602
0.000000,240.111130,296.220581,600.000000
83.401726,265.811493,298.746399,600.000000
321.799316,317.636383,608.456177,600.000000
24.667770,212.075027,216.894089,596.527649
68.123116,198.875763,256.465698,575.560913
413.253082,203.111633,587.092651,550.790710
157.612717,363.353149,206.239761,436.293701
321.757507,232.980347,497.049011,583.563416
231.074402,340.314911,557.280945,600.000000
249.828400,284.068420,385.237030,554.885681
355.329407,226.840286,368.626404,253.434341
394.223358,285.573547,457.791290,412.709381
65.733597,163.572296,157.919296,347.943695
470.927673,168.725708,551.322327,329.515015
519.617920,232.289001,568.657715,330.368713
165.663391,228.998047,285.031067,467.733368
72.354904,257.847534,447.204041,600.000000
513.848389,280.590149,631.807007,516.507263
268.950745,148.870575,371.587708,354.144501
142.667053,186.689636,257.481262,416.318024
494.686340,340.219299,719.205505,600.000000
549.552734,261.225433,593.252319,326.774719
640.833862,404.625153,800.000000,600.000000
469.202148,219.585052,552.743408,386.667633
347.915100,264.119904,385.668762,339.627258
483.558899,335.898956,622.086609,600.000000
429.617310,144.975464,654.181274,594.103394
248.053558,202.549286,462.511749,600.000000
227.851379,263.192596,288.332947,384.155731
256.749176,146.262192,743.983032,600.000000
602.303955,268.209686,729.173950,521.949768
234.158798,246.370712,343.027344,464.107819
2.148865,164.265076,146.021179,452.009705
610.484131,126.425064,751.515625,408.488129
278.783600,205.082184,361.715363,370.945679
339.104553,238.343689,483.265564,526.665771
193.721680,309.148956,262.338928,446.383453
347.089203,309.028625,403.631012,422.112244
394.267426,290.280487,486.795380,475.336395
0.000000,306.523621,10.553398,600.000000
498.427002,360.710022,595.209961,554.276001
77.715302,323.113220,340.353546,600.000000
413.817322,259.076233,546.281189,524.003906
408.855469,309.804169,625.766357,600.000000
348.278839,159.874084,569.643066,600.000000
192.975555,249.620972,449.978607,600.000000
305.887634,343.389923,578.991638,600.000000
654.666199,290.868408,723.905090,429.346252
218.589661,341.294403,512.912781,600.000000
383.334747,165.879745,482.445465,364.101227
722.891418,183.725021,782.326477,302.595062
95.558990,351.300781,226.141296,600.000000
407.683167,323.395111,459.911926,427.852570
491.623962,288.557251,550.201111,405.711517
161.795959,312.611542,278.760803,546.541199
208.551910,217.409805,702.001343,600.000000
203.229736,102.232147,416.782654,529.337952
601.188660,287.009033,738.371155,561.373962
305.562927,233.674591,434.039001,490.626678
407.047424,304.164673,467.364441,424.798676
637.332642,233.012527,704.046265,366.439819
0.000000,257.806915,281.652954,600.000000
291.225922,157.560898,356.385651,287.880341
51.680386,151.739548,104.582336,257.543457
466.353760,333.514343,723.084229,600.000000
48.939728,199.075577,278.046021,600.000000
93.115707,354.719269,405.226868,600.000000
494.673187,269.375397,633.092224,546.213440
0.000000,89.969337,136.486755,600.000000
61.768494,201.225967,254.984344,587.657654
35.014526,347.296875,217.046509,600.000000
205.956818,168.662125,332.628510,422.005493
215.194885,170.020538,292.765747,325.162231
703.615051,326.548126,750.724304,420.766663
445.284027,202.282806,503.012726,317.740234
407.033813,208.195435,589.599976,573.327759
713.732666,194.975098,778.556030,324.621704
161.681244,181.235748,264.319794,386.512878
131.028000,176.716019,259.659180,433.978424
256.100433,200.347229,393.358307,474.862976
108.946976,330.403015,267.866516,600.000000
412.071289,284.098541,494.073120,448.102173
0.000000,284.591736,800.000000,600.000000
438.399292,183.085953,520.189880,346.667175
418.258057,207.949570,591.077026,553.587585
306.518158,301.648834,435.119843,558.852234
72.123619,354.171051,120.813820,451.551453
235.142181,271.210785,401.733490,600.000000
353.953430,284.701202,561.778992,600.000000
382.366516,173.910034,402.594299,214.365601
261.310791,211.202469,509.092651,600.000000
109.731140,148.214722,281.900940,492.554321
41.591888,213.135406,147.899109,425.749847
0.000000,320.858154,206.949982,600.000000
301.466095,263.545319,596.982666,600.000000
415.653412,208.407547,507.777924,392.656586
547.442444,136.769104,663.344666,368.573608
50.117653,245.753815,270.521454,600.000000
62.423141,236.557571,259.872742,600.000000
147.441544,276.645233,209.570236,400.902618
0.000000,0.000000,0.000000,0.000000
66.440750,199.724731,130.330444,327.504120
320.132385,171.921097,367.308777,266.273895
541.020813,195.950684,625.578918,365.066925
506.673523,342.414459,669.368713,600.000000
0.000000,241.958588,190.456604,600.000000
390.264954,235.427109,581.435608,600.000000
489.321838,152.321884,626.468201,426.614624
283.009949,349.720825,376.927979,537.556946
406.739777,317.339783,435.104767,374.069763
522.228271,329.269562,555.527832,395.868652
301.890320,334.171326,386.382019,503.154755
433.683105,369.439880,448.906189,399.886047
321.520935,300.337646,366.317444,389.930664
261.087677,284.603119,462.249359,600.000000
413.538361,311.475311,506.847137,498.092834
328.328613,250.433426,526.976196,600.000000
297.734314,351.926666,435.696899,600.000000
455.186981,230.410629,574.434814,468.906342
13.276505,317.942627,145.728348,582.846313
494.309448,155.633591,582.650757,332.316162
547.833862,156.867203,581.175171,223.549713
202.660736,340.213104,365.535187,600.000000
222.295044,269.141632,375.303467,575.158447
129.409790,192.645905,379.458618,600.000000
630.673157,315.955231,660.613098,375.835114
213.732254,339.706055,287.408386,487.058350
278.818939,264.750641,364.442902,435.998566
61.365738,177.337463,245.207809,545.021606
386.822266,294.007629,548.133545,600.000000
86.195778,338.246918,195.342407,556.540161
91.086868,229.974976,122.446777,292.694794
0.000000,283.812408,16.571032,421.771881
226.192184,318.952637,344.730530,556.029358
103.951599,231.263596,707.307068,600.000000
311.053162,182.962753,663.718750,600.000000
615.809448,282.316620,728.753784,508.205261
349.479584,216.598038,487.959015,493.556915
440.488922,149.722275,759.253052,600.000000
486.699677,287.059662,761.108643,600.000000
550.561768,148.832352,677.759766,403.228333
128.879578,123.695572,273.080536,412.097504
506.661896,245.943283,603.537537,439.694611
245.457458,310.663239,355.671570,531.091492
150.648422,242.487808,171.883011,284.957001
180.043869,348.710663,217.136612,422.896149
182.453857,321.526764,270.655457,497.929962
603.412354,315.752014,647.995361,404.917969
402.629700,241.145004,452.519165,340.923889
0.000000,320.377960,254.640411,600.000000
321.157532,306.808105,469.027100,600.000000
335.059845,349.301605,584.411987,600.000000
271.403168,284.483124,414.321808,570.320435
432.092499,281.557465,595.970947,600.000000
0.000000,129.683319,425.443909,600.000000
452.559998,241.803284,516.322815,369.328979
447.959717,300.967316,632.661377,600.000000
366.454346,231.342712,388.687744,275.809540
446.894775,159.836548,490.779358,247.605728
174.309357,184.658478,270.405487,376.850769
152.897003,281.353912,286.984589,549.529114
519.683167,213.801712,790.291077,600.000000
97.589066,233.551682,114.826630,268.026794
193.217804,330.659271,245.575653,435.374939
129.637451,243.611450,236.020996,456.378540
42.206802,267.226654,307.412903,600.000000
196.046173,277.259766,367.206635,600.000000
494.734894,156.956619,690.757935,549.002625
0.000000,183.321198,266.019989,600.000000
47.747910,317.115662,131.465500,484.550842
282.772980,283.063202,581.825928,600.000000
667.571228,208.800232,689.692688,253.043228
79.363281,217.379257,125.228271,309.109222
37.007347,352.866730,158.891571,596.635193
604.514404,348.942200,800.000000,600.000000
113.447021,293.188843,187.013184,440.321167
